 #  Scattering amplitudes (in cm)      MU=(1-cos(TH))/2
 #  Z =  42,   projectile: electron
 #  Kinetic energy = 4.00000E+04 eV
 #
 # TH (deg)      MU          Re(F)        Im(F)        Re(G)        Im(G)
 #--------------------------------------------------------------------------
  0.000E+00  0.00000E+00  1.02267E-07  2.02364E-08  0.00000E+00  0.00000E+00
  1.000E-04  7.61557E-13  1.02267E-07  2.02364E-08  6.47728E-15  1.30907E-15
  1.250E-04  1.18994E-12  1.02267E-07  2.02364E-08  8.09660E-15  1.63634E-15
  1.500E-04  1.71346E-12  1.02267E-07  2.02364E-08  9.71593E-15  1.96361E-15
  1.750E-04  2.33225E-12  1.02267E-07  2.02364E-08  1.13352E-14  2.29087E-15
  2.000E-04  3.04617E-12  1.02267E-07  2.02364E-08  1.29546E-14  2.61814E-15
  2.250E-04  3.85530E-12  1.02267E-07  2.02364E-08  1.45739E-14  2.94541E-15
  2.500E-04  4.75964E-12  1.02267E-07  2.02364E-08  1.61932E-14  3.27268E-15
  2.750E-04  5.75917E-12  1.02267E-07  2.02364E-08  1.78125E-14  3.59994E-15
  3.000E-04  6.85391E-12  1.02267E-07  2.02364E-08  1.94319E-14  3.92721E-15
  3.250E-04  8.04379E-12  1.02267E-07  2.02364E-08  2.10512E-14  4.25448E-15
  3.500E-04  9.32893E-12  1.02267E-07  2.02364E-08  2.26705E-14  4.58175E-15
  3.750E-04  1.07092E-11  1.02267E-07  2.02364E-08  2.42898E-14  4.90901E-15
  4.000E-04  1.21847E-11  1.02267E-07  2.02364E-08  2.59091E-14  5.23628E-15
  4.250E-04  1.37554E-11  1.02267E-07  2.02364E-08  2.75285E-14  5.56355E-15
  4.500E-04  1.54213E-11  1.02267E-07  2.02364E-08  2.91478E-14  5.89082E-15
  4.750E-04  1.71823E-11  1.02267E-07  2.02364E-08  3.07671E-14  6.21809E-15
  5.000E-04  1.90386E-11  1.02267E-07  2.02364E-08  3.23864E-14  6.54535E-15
  5.250E-04  2.09900E-11  1.02267E-07  2.02364E-08  3.40057E-14  6.87262E-15
  5.500E-04  2.30367E-11  1.02267E-07  2.02364E-08  3.56251E-14  7.19989E-15
  5.750E-04  2.51785E-11  1.02267E-07  2.02364E-08  3.72444E-14  7.52716E-15
  6.000E-04  2.74156E-11  1.02267E-07  2.02364E-08  3.88637E-14  7.85442E-15
  6.250E-04  2.97478E-11  1.02267E-07  2.02364E-08  4.04830E-14  8.18169E-15
  6.500E-04  3.21752E-11  1.02267E-07  2.02364E-08  4.21023E-14  8.50896E-15
  6.750E-04  3.46979E-11  1.02267E-07  2.02364E-08  4.37217E-14  8.83623E-15
  7.000E-04  3.73157E-11  1.02267E-07  2.02364E-08  4.53410E-14  9.16349E-15
  7.250E-04  4.00286E-11  1.02267E-07  2.02364E-08  4.69603E-14  9.49076E-15
  7.500E-04  4.28368E-11  1.02267E-07  2.02364E-08  4.85796E-14  9.81803E-15
  7.750E-04  4.57402E-11  1.02267E-07  2.02364E-08  5.01989E-14  1.01453E-14
  8.000E-04  4.87388E-11  1.02267E-07  2.02364E-08  5.18182E-14  1.04726E-14
  8.250E-04  5.18325E-11  1.02267E-07  2.02364E-08  5.34376E-14  1.07998E-14
  8.500E-04  5.50215E-11  1.02267E-07  2.02364E-08  5.50569E-14  1.11271E-14
  8.750E-04  5.83057E-11  1.02267E-07  2.02364E-08  5.66762E-14  1.14544E-14
  9.000E-04  6.16850E-11  1.02267E-07  2.02364E-08  5.82955E-14  1.17816E-14
  9.250E-04  6.51595E-11  1.02267E-07  2.02364E-08  5.99148E-14  1.21089E-14
  9.500E-04  6.87293E-11  1.02267E-07  2.02364E-08  6.15342E-14  1.24362E-14
  9.750E-04  7.23943E-11  1.02267E-07  2.02364E-08  6.31535E-14  1.27634E-14
  1.000E-03  7.61544E-11  1.02267E-07  2.02364E-08  6.47728E-14  1.30907E-14
  1.250E-03  1.18991E-10  1.02266E-07  2.02364E-08  8.09660E-14  1.63634E-14
  1.500E-03  1.71347E-10  1.02266E-07  2.02364E-08  9.71591E-14  1.96361E-14
  1.750E-03  2.33223E-10  1.02266E-07  2.02364E-08  1.13352E-13  2.29087E-14
  2.000E-03  3.04617E-10  1.02266E-07  2.02364E-08  1.29545E-13  2.61814E-14
  2.250E-03  3.85531E-10  1.02266E-07  2.02364E-08  1.45738E-13  2.94541E-14
  2.500E-03  4.75965E-10  1.02266E-07  2.02364E-08  1.61931E-13  3.27268E-14
  2.750E-03  5.75917E-10  1.02266E-07  2.02364E-08  1.78124E-13  3.59994E-14
  3.000E-03  6.85389E-10  1.02266E-07  2.02364E-08  1.94317E-13  3.92721E-14
  3.250E-03  8.04380E-10  1.02266E-07  2.02364E-08  2.10510E-13  4.25448E-14
  3.500E-03  9.32891E-10  1.02266E-07  2.02364E-08  2.26703E-13  4.58174E-14
  3.750E-03  1.07092E-09  1.02266E-07  2.02364E-08  2.42896E-13  4.90901E-14
  4.000E-03  1.21847E-09  1.02265E-07  2.02364E-08  2.59088E-13  5.23628E-14
  4.250E-03  1.37554E-09  1.02265E-07  2.02364E-08  2.75281E-13  5.56354E-14
  4.500E-03  1.54213E-09  1.02265E-07  2.02364E-08  2.91474E-13  5.89081E-14
  4.750E-03  1.71823E-09  1.02265E-07  2.02363E-08  3.07666E-13  6.21808E-14
  5.000E-03  1.90386E-09  1.02265E-07  2.02363E-08  3.23859E-13  6.54534E-14
  5.250E-03  2.09900E-09  1.02265E-07  2.02363E-08  3.40051E-13  6.87261E-14
  5.500E-03  2.30367E-09  1.02264E-07  2.02363E-08  3.56243E-13  7.19987E-14
  5.750E-03  2.51785E-09  1.02264E-07  2.02363E-08  3.72435E-13  7.52714E-14
  6.000E-03  2.74156E-09  1.02264E-07  2.02363E-08  3.88627E-13  7.85440E-14
  6.250E-03  2.97478E-09  1.02264E-07  2.02363E-08  4.04819E-13  8.18167E-14
  6.500E-03  3.21752E-09  1.02264E-07  2.02363E-08  4.21011E-13  8.50893E-14
  6.750E-03  3.46978E-09  1.02263E-07  2.02363E-08  4.37203E-13  8.83620E-14
  7.000E-03  3.73156E-09  1.02263E-07  2.02363E-08  4.53394E-13  9.16346E-14
  7.250E-03  4.00286E-09  1.02263E-07  2.02363E-08  4.69586E-13  9.49073E-14
  7.500E-03  4.28368E-09  1.02263E-07  2.02363E-08  4.85777E-13  9.81799E-14
  7.750E-03  4.57402E-09  1.02262E-07  2.02363E-08  5.01969E-13  1.01453E-13
  8.000E-03  4.87388E-09  1.02262E-07  2.02363E-08  5.18160E-13  1.04725E-13
  8.250E-03  5.18326E-09  1.02262E-07  2.02363E-08  5.34351E-13  1.07998E-13
  8.500E-03  5.50215E-09  1.02261E-07  2.02363E-08  5.50542E-13  1.11270E-13
  8.750E-03  5.83057E-09  1.02261E-07  2.02363E-08  5.66732E-13  1.14543E-13
  9.000E-03  6.16850E-09  1.02261E-07  2.02363E-08  5.82923E-13  1.17816E-13
  9.250E-03  6.51596E-09  1.02261E-07  2.02363E-08  5.99113E-13  1.21088E-13
  9.500E-03  6.87293E-09  1.02260E-07  2.02363E-08  6.15303E-13  1.24361E-13
  9.750E-03  7.23942E-09  1.02260E-07  2.02362E-08  6.31493E-13  1.27634E-13
  1.000E-02  7.61544E-09  1.02259E-07  2.02362E-08  6.47683E-13  1.30906E-13
  1.250E-02  1.18991E-08  1.02256E-07  2.02362E-08  8.09573E-13  1.63632E-13
  1.500E-02  1.71347E-08  1.02251E-07  2.02361E-08  9.71441E-13  1.96358E-13
  1.750E-02  2.33223E-08  1.02245E-07  2.02360E-08  1.13328E-12  2.29083E-13
  2.000E-02  3.04617E-08  1.02238E-07  2.02358E-08  1.29510E-12  2.61807E-13
  2.250E-02  3.85531E-08  1.02231E-07  2.02357E-08  1.45688E-12  2.94531E-13
  2.500E-02  4.75965E-08  1.02222E-07  2.02355E-08  1.61862E-12  3.27254E-13
  2.750E-02  5.75917E-08  1.02213E-07  2.02353E-08  1.78032E-12  3.59976E-13
  3.000E-02  6.85389E-08  1.02203E-07  2.02351E-08  1.94197E-12  3.92697E-13
  3.250E-02  8.04380E-08  1.02192E-07  2.02349E-08  2.10357E-12  4.25418E-13
  3.500E-02  9.32891E-08  1.02180E-07  2.02347E-08  2.26512E-12  4.58137E-13
  3.750E-02  1.07092E-07  1.02167E-07  2.02344E-08  2.42661E-12  4.90855E-13
  4.000E-02  1.21847E-07  1.02153E-07  2.02342E-08  2.58804E-12  5.23572E-13
  4.250E-02  1.37554E-07  1.02139E-07  2.02339E-08  2.74940E-12  5.56287E-13
  4.500E-02  1.54213E-07  1.02123E-07  2.02336E-08  2.91069E-12  5.89001E-13
  4.750E-02  1.71823E-07  1.02107E-07  2.02332E-08  3.07190E-12  6.21714E-13
  5.000E-02  1.90386E-07  1.02090E-07  2.02329E-08  3.23303E-12  6.54425E-13
  5.250E-02  2.09900E-07  1.02071E-07  2.02326E-08  3.39408E-12  6.87134E-13
  5.500E-02  2.30367E-07  1.02052E-07  2.02322E-08  3.55504E-12  7.19842E-13
  5.750E-02  2.51785E-07  1.02033E-07  2.02318E-08  3.71591E-12  7.52548E-13
  6.000E-02  2.74156E-07  1.02012E-07  2.02314E-08  3.87668E-12  7.85252E-13
  6.250E-02  2.97478E-07  1.01990E-07  2.02310E-08  4.03736E-12  8.17954E-13
  6.500E-02  3.21752E-07  1.01968E-07  2.02305E-08  4.19793E-12  8.50654E-13
  6.750E-02  3.46978E-07  1.01944E-07  2.02301E-08  4.35839E-12  8.83351E-13
  7.000E-02  3.73156E-07  1.01920E-07  2.02296E-08  4.51873E-12  9.16047E-13
  7.250E-02  4.00286E-07  1.01895E-07  2.02291E-08  4.67896E-12  9.48740E-13
  7.500E-02  4.28368E-07  1.01869E-07  2.02286E-08  4.83907E-12  9.81431E-13
  7.750E-02  4.57402E-07  1.01842E-07  2.02280E-08  4.99906E-12  1.01412E-12
  8.000E-02  4.87388E-07  1.01815E-07  2.02275E-08  5.15892E-12  1.04680E-12
  8.250E-02  5.18325E-07  1.01786E-07  2.02269E-08  5.31864E-12  1.07949E-12
  8.500E-02  5.50215E-07  1.01757E-07  2.02264E-08  5.47823E-12  1.11217E-12
  8.750E-02  5.83057E-07  1.01727E-07  2.02258E-08  5.63768E-12  1.14485E-12
  9.000E-02  6.16850E-07  1.01695E-07  2.02251E-08  5.79698E-12  1.17752E-12
  9.250E-02  6.51596E-07  1.01663E-07  2.02245E-08  5.95614E-12  1.21019E-12
  9.500E-02  6.87293E-07  1.01631E-07  2.02239E-08  6.11514E-12  1.24286E-12
  9.750E-02  7.23942E-07  1.01597E-07  2.02232E-08  6.27398E-12  1.27553E-12
  1.000E-01  7.61543E-07  1.01563E-07  2.02225E-08  6.43267E-12  1.30819E-12
  1.250E-01  1.18991E-06  1.01172E-07  2.02147E-08  8.00986E-12  1.63462E-12
  1.500E-01  1.71347E-06  1.00698E-07  2.02052E-08  9.56686E-12  1.96063E-12
  1.750E-01  2.33223E-06  1.00146E-07  2.01940E-08  1.11001E-11  2.28616E-12
  2.000E-01  3.04617E-06  9.95172E-08  2.01811E-08  1.26061E-11  2.61111E-12
  2.250E-01  3.85531E-06  9.88159E-08  2.01665E-08  1.40819E-11  2.93541E-12
  2.500E-01  4.75964E-06  9.80458E-08  2.01502E-08  1.55245E-11  3.25899E-12
  2.750E-01  5.75916E-06  9.72110E-08  2.01323E-08  1.69315E-11  3.58175E-12
  3.000E-01  6.85388E-06  9.63158E-08  2.01127E-08  1.83006E-11  3.90363E-12
  3.250E-01  8.04378E-06  9.53647E-08  2.00915E-08  1.96297E-11  4.22455E-12
  3.500E-01  9.32888E-06  9.43623E-08  2.00687E-08  2.09174E-11  4.54444E-12
  3.750E-01  1.07092E-05  9.33132E-08  2.00443E-08  2.21621E-11  4.86322E-12
  4.000E-01  1.21846E-05  9.22221E-08  2.00183E-08  2.33630E-11  5.18083E-12
  4.250E-01  1.37553E-05  9.10936E-08  1.99908E-08  2.45193E-11  5.49719E-12
  4.500E-01  1.54212E-05  8.99322E-08  1.99617E-08  2.56304E-11  5.81224E-12
  4.750E-01  1.71822E-05  8.87425E-08  1.99312E-08  2.66962E-11  6.12591E-12
  5.000E-01  1.90385E-05  8.75287E-08  1.98991E-08  2.77166E-11  6.43814E-12
  5.250E-01  2.09899E-05  8.62949E-08  1.98656E-08  2.86919E-11  6.74886E-12
  5.500E-01  2.30365E-05  8.50452E-08  1.98307E-08  2.96226E-11  7.05802E-12
  5.750E-01  2.51783E-05  8.37832E-08  1.97943E-08  3.05092E-11  7.36555E-12
  6.000E-01  2.74153E-05  8.25124E-08  1.97566E-08  3.13524E-11  7.67140E-12
  6.250E-01  2.97475E-05  8.12363E-08  1.97175E-08  3.21533E-11  7.97551E-12
  6.500E-01  3.21749E-05  7.99578E-08  1.96771E-08  3.29127E-11  8.27783E-12
  6.750E-01  3.46974E-05  7.86798E-08  1.96354E-08  3.36318E-11  8.57831E-12
  7.000E-01  3.73152E-05  7.74048E-08  1.95925E-08  3.43118E-11  8.87690E-12
  7.250E-01  4.00281E-05  7.61352E-08  1.95483E-08  3.49538E-11  9.17356E-12
  7.500E-01  4.28362E-05  7.48731E-08  1.95028E-08  3.55592E-11  9.46823E-12
  7.750E-01  4.57395E-05  7.36205E-08  1.94563E-08  3.61292E-11  9.76087E-12
  8.000E-01  4.87380E-05  7.23790E-08  1.94085E-08  3.66651E-11  1.00514E-11
  8.250E-01  5.18317E-05  7.11501E-08  1.93597E-08  3.71683E-11  1.03399E-11
  8.500E-01  5.50205E-05  6.99352E-08  1.93097E-08  3.76400E-11  1.06262E-11
  8.750E-01  5.83045E-05  6.87353E-08  1.92587E-08  3.80815E-11  1.09104E-11
  9.000E-01  6.16838E-05  6.75515E-08  1.92067E-08  3.84942E-11  1.11923E-11
  9.250E-01  6.51582E-05  6.63845E-08  1.91536E-08  3.88792E-11  1.14720E-11
  9.500E-01  6.87277E-05  6.52349E-08  1.90996E-08  3.92377E-11  1.17494E-11
  9.750E-01  7.23925E-05  6.41035E-08  1.90447E-08  3.95709E-11  1.20246E-11
  1.000E+00  7.61524E-05  6.29904E-08  1.89888E-08  3.98800E-11  1.22974E-11
  1.100E+00  9.21439E-05  5.87279E-08  1.87568E-08  4.08953E-11  1.33648E-11
  1.200E+00  1.09658E-04  5.47709E-08  1.85126E-08  4.16024E-11  1.43932E-11
  1.300E+00  1.28695E-04  5.11114E-08  1.82578E-08  4.20525E-11  1.53819E-11
  1.400E+00  1.49255E-04  4.77322E-08  1.79940E-08  4.22871E-11  1.63301E-11
  1.500E+00  1.71338E-04  4.46125E-08  1.77229E-08  4.23395E-11  1.72377E-11
  1.600E+00  1.94942E-04  4.17302E-08  1.74457E-08  4.22367E-11  1.81045E-11
  1.700E+00  2.20070E-04  3.90640E-08  1.71638E-08  4.20007E-11  1.89309E-11
  1.800E+00  2.46720E-04  3.65938E-08  1.68783E-08  4.16500E-11  1.97171E-11
  1.900E+00  2.74892E-04  3.43016E-08  1.65903E-08  4.11998E-11  2.04639E-11
  2.000E+00  3.04586E-04  3.21711E-08  1.63006E-08  4.06636E-11  2.11719E-11
  2.100E+00  3.35803E-04  3.01880E-08  1.60102E-08  4.00530E-11  2.18418E-11
  2.200E+00  3.68542E-04  2.83396E-08  1.57198E-08  3.93782E-11  2.24746E-11
  2.300E+00  4.02802E-04  2.66146E-08  1.54300E-08  3.86484E-11  2.30713E-11
  2.400E+00  4.38585E-04  2.50031E-08  1.51415E-08  3.78721E-11  2.36329E-11
  2.500E+00  4.75889E-04  2.34962E-08  1.48548E-08  3.70567E-11  2.41604E-11
  2.600E+00  5.14715E-04  2.20860E-08  1.45704E-08  3.62092E-11  2.46550E-11
  2.700E+00  5.55063E-04  2.07654E-08  1.42887E-08  3.53357E-11  2.51178E-11
  2.800E+00  5.96931E-04  1.95280E-08  1.40100E-08  3.44419E-11  2.55500E-11
  2.900E+00  6.40321E-04  1.83679E-08  1.37346E-08  3.35330E-11  2.59526E-11
  3.000E+00  6.85233E-04  1.72800E-08  1.34629E-08  3.26137E-11  2.63269E-11
  3.100E+00  7.31665E-04  1.62593E-08  1.31950E-08  3.16881E-11  2.66740E-11
  3.200E+00  7.79618E-04  1.53014E-08  1.29312E-08  3.07600E-11  2.69951E-11
  3.300E+00  8.29092E-04  1.44022E-08  1.26717E-08  2.98327E-11  2.72912E-11
  3.400E+00  8.80086E-04  1.35578E-08  1.24165E-08  2.89093E-11  2.75635E-11
  3.500E+00  9.32601E-04  1.27648E-08  1.21658E-08  2.79922E-11  2.78130E-11
  3.600E+00  9.86636E-04  1.20198E-08  1.19197E-08  2.70839E-11  2.80408E-11
  3.700E+00  1.04219E-03  1.13197E-08  1.16782E-08  2.61861E-11  2.82479E-11
  3.800E+00  1.09927E-03  1.06618E-08  1.14414E-08  2.53006E-11  2.84353E-11
  3.900E+00  1.15786E-03  1.00432E-08  1.12093E-08  2.44287E-11  2.86039E-11
  4.000E+00  1.21797E-03  9.46155E-09  1.09820E-08  2.35716E-11  2.87548E-11
  4.100E+00  1.27961E-03  8.91444E-09  1.07593E-08  2.27302E-11  2.88887E-11
  4.200E+00  1.34276E-03  8.39968E-09  1.05414E-08  2.19052E-11  2.90065E-11
  4.300E+00  1.40743E-03  7.91518E-09  1.03281E-08  2.10972E-11  2.91090E-11
  4.400E+00  1.47362E-03  7.45903E-09  1.01195E-08  2.03064E-11  2.91971E-11
  4.500E+00  1.54133E-03  7.02940E-09  9.91543E-09  1.95332E-11  2.92714E-11
  4.600E+00  1.61056E-03  6.62459E-09  9.71591E-09  1.87777E-11  2.93326E-11
  4.700E+00  1.68131E-03  6.24302E-09  9.52085E-09  1.80397E-11  2.93815E-11
  4.800E+00  1.75357E-03  5.88318E-09  9.33018E-09  1.73193E-11  2.94186E-11
  4.900E+00  1.82735E-03  5.54368E-09  9.14384E-09  1.66162E-11  2.94447E-11
  5.000E+00  1.90265E-03  5.22322E-09  8.96174E-09  1.59302E-11  2.94601E-11
  5.100E+00  1.97947E-03  4.92057E-09  8.78380E-09  1.52608E-11  2.94656E-11
  5.200E+00  2.05780E-03  4.63460E-09  8.60993E-09  1.46079E-11  2.94616E-11
  5.300E+00  2.13765E-03  4.36422E-09  8.44005E-09  1.39709E-11  2.94485E-11
  5.400E+00  2.21902E-03  4.10845E-09  8.27406E-09  1.33494E-11  2.94268E-11
  5.500E+00  2.30190E-03  3.86635E-09  8.11188E-09  1.27430E-11  2.93971E-11
  5.600E+00  2.38630E-03  3.63706E-09  7.95342E-09  1.21512E-11  2.93595E-11
  5.700E+00  2.47222E-03  3.41976E-09  7.79858E-09  1.15735E-11  2.93147E-11
  5.800E+00  2.55965E-03  3.21370E-09  7.64727E-09  1.10094E-11  2.92628E-11
  5.900E+00  2.64859E-03  3.01817E-09  7.49940E-09  1.04584E-11  2.92042E-11
  6.000E+00  2.73905E-03  2.83252E-09  7.35489E-09  9.92011E-12  2.91393E-11
  6.100E+00  2.83103E-03  2.65614E-09  7.21364E-09  9.39395E-12  2.90684E-11
  6.200E+00  2.92452E-03  2.48845E-09  7.07556E-09  8.87947E-12  2.89916E-11
  6.300E+00  3.01952E-03  2.32893E-09  6.94057E-09  8.37624E-12  2.89093E-11
  6.400E+00  3.11604E-03  2.17708E-09  6.80858E-09  7.88380E-12  2.88218E-11
  6.500E+00  3.21407E-03  2.03244E-09  6.67952E-09  7.40173E-12  2.87292E-11
  6.600E+00  3.31362E-03  1.89459E-09  6.55329E-09  6.92962E-12  2.86318E-11
  6.700E+00  3.41468E-03  1.76312E-09  6.42983E-09  6.46707E-12  2.85297E-11
  6.800E+00  3.51725E-03  1.63768E-09  6.30904E-09  6.01372E-12  2.84233E-11
  6.900E+00  3.62133E-03  1.51790E-09  6.19087E-09  5.56920E-12  2.83126E-11
  7.000E+00  3.72692E-03  1.40348E-09  6.07522E-09  5.13317E-12  2.81978E-11
  7.100E+00  3.83403E-03  1.29410E-09  5.96204E-09  4.70531E-12  2.80791E-11
  7.200E+00  3.94265E-03  1.18951E-09  5.85126E-09  4.28533E-12  2.79566E-11
  7.300E+00  4.05278E-03  1.08943E-09  5.74279E-09  3.87294E-12  2.78306E-11
  7.400E+00  4.16442E-03  9.93621E-10  5.63659E-09  3.46786E-12  2.77011E-11
  7.500E+00  4.27757E-03  9.01865E-10  5.53259E-09  3.06985E-12  2.75683E-11
  7.600E+00  4.39223E-03  8.13948E-10  5.43073E-09  2.67868E-12  2.74322E-11
  7.700E+00  4.50840E-03  7.29676E-10  5.33094E-09  2.29413E-12  2.72931E-11
  7.800E+00  4.62608E-03  6.48866E-10  5.23318E-09  1.91598E-12  2.71511E-11
  7.900E+00  4.74527E-03  5.71348E-10  5.13739E-09  1.54406E-12  2.70061E-11
  8.000E+00  4.86597E-03  4.96962E-10  5.04351E-09  1.17819E-12  2.68585E-11
  8.100E+00  4.98817E-03  4.25561E-10  4.95149E-09  8.18193E-13  2.67082E-11
  8.200E+00  5.11188E-03  3.57004E-10  4.86129E-09  4.63931E-13  2.65554E-11
  8.300E+00  5.23711E-03  2.91162E-10  4.77286E-09  1.15259E-13  2.64002E-11
  8.400E+00  5.36383E-03  2.27913E-10  4.68615E-09 -2.27951E-13  2.62427E-11
  8.500E+00  5.49207E-03  1.67141E-10  4.60111E-09 -5.65820E-13  2.60829E-11
  8.600E+00  5.62181E-03  1.08739E-10  4.51771E-09 -8.98460E-13  2.59209E-11
  8.700E+00  5.75306E-03  5.26072E-11  4.43591E-09 -1.22597E-12  2.57569E-11
  8.800E+00  5.88581E-03 -1.35040E-12  4.35566E-09 -1.54845E-12  2.55909E-11
  8.900E+00  6.02007E-03 -5.32230E-11  4.27693E-09 -1.86598E-12  2.54231E-11
  9.000E+00  6.15583E-03 -1.03095E-10  4.19968E-09 -2.17864E-12  2.52534E-11
  9.100E+00  6.29310E-03 -1.51045E-10  4.12387E-09 -2.48652E-12  2.50820E-11
  9.200E+00  6.43187E-03 -1.97150E-10  4.04947E-09 -2.78967E-12  2.49090E-11
  9.300E+00  6.57214E-03 -2.41479E-10  3.97646E-09 -3.08817E-12  2.47344E-11
  9.400E+00  6.71392E-03 -2.84100E-10  3.90478E-09 -3.38206E-12  2.45583E-11
  9.500E+00  6.85720E-03 -3.25077E-10  3.83443E-09 -3.67141E-12  2.43808E-11
  9.600E+00  7.00198E-03 -3.64470E-10  3.76536E-09 -3.95628E-12  2.42019E-11
  9.700E+00  7.14827E-03 -4.02337E-10  3.69754E-09 -4.23670E-12  2.40218E-11
  9.800E+00  7.29605E-03 -4.38731E-10  3.63096E-09 -4.51272E-12  2.38404E-11
  9.900E+00  7.44534E-03 -4.73706E-10  3.56558E-09 -4.78439E-12  2.36580E-11
  1.000E+01  7.59612E-03 -5.07310E-10  3.50137E-09 -5.05175E-12  2.34744E-11
  1.025E+01  7.97965E-03 -5.85630E-10  3.34585E-09 -5.70154E-12  2.30114E-11
  1.050E+01  8.37255E-03 -6.56358E-10  3.19716E-09 -6.32519E-12  2.25431E-11
  1.075E+01  8.77480E-03 -7.20106E-10  3.05495E-09 -6.92323E-12  2.20705E-11
  1.100E+01  9.18641E-03 -7.77428E-10  2.91892E-09 -7.49618E-12  2.15946E-11
  1.125E+01  9.60736E-03 -8.28827E-10  2.78877E-09 -8.04452E-12  2.11162E-11
  1.150E+01  1.00376E-02 -8.74761E-10  2.66422E-09 -8.56876E-12  2.06362E-11
  1.175E+01  1.04773E-02 -9.15650E-10  2.54501E-09 -9.06939E-12  2.01553E-11
  1.200E+01  1.09262E-02 -9.51880E-10  2.43090E-09 -9.54693E-12  1.96742E-11
  1.225E+01  1.13844E-02 -9.83809E-10  2.32165E-09 -1.00019E-11  1.91937E-11
  1.250E+01  1.18520E-02 -1.01177E-09  2.21706E-09 -1.04349E-11  1.87144E-11
  1.275E+01  1.23288E-02 -1.03606E-09  2.11691E-09 -1.08464E-11  1.82368E-11
  1.300E+01  1.28150E-02 -1.05696E-09  2.02102E-09 -1.12370E-11  1.77616E-11
  1.325E+01  1.33104E-02 -1.07475E-09  1.92919E-09 -1.16074E-11  1.72892E-11
  1.350E+01  1.38150E-02 -1.08966E-09  1.84125E-09 -1.19580E-11  1.68201E-11
  1.375E+01  1.43290E-02 -1.10193E-09  1.75703E-09 -1.22896E-11  1.63547E-11
  1.400E+01  1.48521E-02 -1.11176E-09  1.67637E-09 -1.26027E-11  1.58933E-11
  1.425E+01  1.53845E-02 -1.11936E-09  1.59911E-09 -1.28979E-11  1.54364E-11
  1.450E+01  1.59262E-02 -1.12490E-09  1.52512E-09 -1.31760E-11  1.49843E-11
  1.475E+01  1.64770E-02 -1.12856E-09  1.45424E-09 -1.34374E-11  1.45371E-11
  1.500E+01  1.70371E-02 -1.13050E-09  1.38634E-09 -1.36828E-11  1.40952E-11
  1.525E+01  1.76063E-02 -1.13087E-09  1.32130E-09 -1.39128E-11  1.36587E-11
  1.550E+01  1.81848E-02 -1.12979E-09  1.25900E-09 -1.41281E-11  1.32279E-11
  1.575E+01  1.87724E-02 -1.12741E-09  1.19930E-09 -1.43291E-11  1.28028E-11
  1.600E+01  1.93692E-02 -1.12385E-09  1.14211E-09 -1.45165E-11  1.23836E-11
  1.625E+01  1.99751E-02 -1.11920E-09  1.08731E-09 -1.46909E-11  1.19704E-11
  1.650E+01  2.05901E-02 -1.11357E-09  1.03479E-09 -1.48527E-11  1.15633E-11
  1.675E+01  2.12143E-02 -1.10706E-09  9.84469E-10 -1.50026E-11  1.11624E-11
  1.700E+01  2.18476E-02 -1.09975E-09  9.36239E-10 -1.51411E-11  1.07676E-11
  1.725E+01  2.24900E-02 -1.09173E-09  8.90012E-10 -1.52686E-11  1.03791E-11
  1.750E+01  2.31415E-02 -1.08307E-09  8.45702E-10 -1.53857E-11  9.99678E-12
  1.775E+01  2.38021E-02 -1.07383E-09  8.03224E-10 -1.54928E-11  9.62070E-12
  1.800E+01  2.44717E-02 -1.06409E-09  7.62500E-10 -1.55904E-11  9.25083E-12
  1.825E+01  2.51504E-02 -1.05389E-09  7.23454E-10 -1.56789E-11  8.88716E-12
  1.850E+01  2.58382E-02 -1.04331E-09  6.86012E-10 -1.57589E-11  8.52964E-12
  1.875E+01  2.65349E-02 -1.03237E-09  6.50105E-10 -1.58305E-11  8.17824E-12
  1.900E+01  2.72407E-02 -1.02114E-09  6.15667E-10 -1.58943E-11  7.83291E-12
  1.925E+01  2.79555E-02 -1.00965E-09  5.82635E-10 -1.59507E-11  7.49359E-12
  1.950E+01  2.86793E-02 -9.97933E-10  5.50947E-10 -1.59999E-11  7.16022E-12
  1.975E+01  2.94120E-02 -9.86036E-10  5.20546E-10 -1.60424E-11  6.83273E-12
  2.000E+01  3.01537E-02 -9.73986E-10  4.91376E-10 -1.60785E-11  6.51105E-12
  2.025E+01  3.09043E-02 -9.61814E-10  4.63385E-10 -1.61084E-11  6.19511E-12
  2.050E+01  3.16639E-02 -9.49545E-10  4.36522E-10 -1.61325E-11  5.88482E-12
  2.075E+01  3.24324E-02 -9.37205E-10  4.10739E-10 -1.61510E-11  5.58010E-12
  2.100E+01  3.32098E-02 -9.24816E-10  3.85990E-10 -1.61643E-11  5.28088E-12
  2.125E+01  3.39961E-02 -9.12399E-10  3.62231E-10 -1.61726E-11  4.98706E-12
  2.150E+01  3.47912E-02 -8.99972E-10  3.39421E-10 -1.61761E-11  4.69857E-12
  2.175E+01  3.55952E-02 -8.87551E-10  3.17519E-10 -1.61751E-11  4.41530E-12
  2.200E+01  3.64081E-02 -8.75153E-10  2.96486E-10 -1.61698E-11  4.13719E-12
  2.225E+01  3.72297E-02 -8.62791E-10  2.76288E-10 -1.61604E-11  3.86413E-12
  2.250E+01  3.80602E-02 -8.50476E-10  2.56888E-10 -1.61471E-11  3.59604E-12
  2.275E+01  3.88995E-02 -8.38222E-10  2.38254E-10 -1.61302E-11  3.33284E-12
  2.300E+01  3.97476E-02 -8.26036E-10  2.20354E-10 -1.61097E-11  3.07443E-12
  2.325E+01  4.06044E-02 -8.13930E-10  2.03158E-10 -1.60859E-11  2.82073E-12
  2.350E+01  4.14700E-02 -8.01910E-10  1.86636E-10 -1.60589E-11  2.57166E-12
  2.375E+01  4.23443E-02 -7.89984E-10  1.70761E-10 -1.60290E-11  2.32712E-12
  2.400E+01  4.32273E-02 -7.78157E-10  1.55508E-10 -1.59961E-11  2.08705E-12
  2.425E+01  4.41190E-02 -7.66437E-10  1.40850E-10 -1.59606E-11  1.85134E-12
  2.450E+01  4.50194E-02 -7.54828E-10  1.26763E-10 -1.59224E-11  1.61993E-12
  2.475E+01  4.59284E-02 -7.43333E-10  1.13225E-10 -1.58819E-11  1.39274E-12
  2.500E+01  4.68461E-02 -7.31957E-10  1.00214E-10 -1.58389E-11  1.16967E-12
  2.550E+01  4.87074E-02 -7.09574E-10  7.56891E-11 -1.57466E-11  7.35642E-13
  2.600E+01  5.06030E-02 -6.87699E-10  5.30313E-11 -1.56463E-11  3.17241E-13
  2.650E+01  5.25328E-02 -6.66346E-10  3.20974E-11 -1.55387E-11 -8.61063E-14
  2.700E+01  5.44967E-02 -6.45524E-10  1.27564E-11 -1.54247E-11 -4.74954E-13
  2.750E+01  5.64946E-02 -6.25236E-10 -5.11159E-12 -1.53048E-11 -8.49830E-13
  2.800E+01  5.85262E-02 -6.05485E-10 -2.16164E-11 -1.51797E-11 -1.21124E-12
  2.850E+01  6.05914E-02 -5.86268E-10 -3.68587E-11 -1.50498E-11 -1.55967E-12
  2.900E+01  6.26901E-02 -5.67581E-10 -5.09308E-11 -1.49158E-11 -1.89559E-12
  2.950E+01  6.48222E-02 -5.49417E-10 -6.39175E-11 -1.47779E-11 -2.21942E-12
  3.000E+01  6.69873E-02 -5.31769E-10 -7.58968E-11 -1.46367E-11 -2.53160E-12
  3.050E+01  6.91854E-02 -5.14627E-10 -8.69404E-11 -1.44924E-11 -2.83252E-12
  3.100E+01  7.14163E-02 -4.97983E-10 -9.71143E-11 -1.43455E-11 -3.12257E-12
  3.150E+01  7.36799E-02 -4.81825E-10 -1.06479E-10 -1.41963E-11 -3.40212E-12
  3.200E+01  7.59760E-02 -4.66143E-10 -1.15092E-10 -1.40450E-11 -3.67151E-12
  3.250E+01  7.83043E-02 -4.50924E-10 -1.23004E-10 -1.38919E-11 -3.93109E-12
  3.300E+01  8.06647E-02 -4.36158E-10 -1.30263E-10 -1.37373E-11 -4.18117E-12
  3.350E+01  8.30571E-02 -4.21833E-10 -1.36914E-10 -1.35814E-11 -4.42207E-12
  3.400E+01  8.54812E-02 -4.07938E-10 -1.42998E-10 -1.34244E-11 -4.65407E-12
  3.450E+01  8.79369E-02 -3.94459E-10 -1.48553E-10 -1.32665E-11 -4.87747E-12
  3.500E+01  9.04240E-02 -3.81387E-10 -1.53614E-10 -1.31079E-11 -5.09253E-12
  3.550E+01  9.29422E-02 -3.68709E-10 -1.58214E-10 -1.29488E-11 -5.29953E-12
  3.600E+01  9.54915E-02 -3.56414E-10 -1.62385E-10 -1.27893E-11 -5.49870E-12
  3.650E+01  9.80716E-02 -3.44491E-10 -1.66153E-10 -1.26295E-11 -5.69030E-12
  3.700E+01  1.00682E-01 -3.32929E-10 -1.69547E-10 -1.24697E-11 -5.87456E-12
  3.750E+01  1.03323E-01 -3.21718E-10 -1.72590E-10 -1.23100E-11 -6.05171E-12
  3.800E+01  1.05995E-01 -3.10847E-10 -1.75306E-10 -1.21504E-11 -6.22196E-12
  3.850E+01  1.08696E-01 -3.00307E-10 -1.77716E-10 -1.19910E-11 -6.38553E-12
  3.900E+01  1.11427E-01 -2.90086E-10 -1.79840E-10 -1.18321E-11 -6.54263E-12
  3.950E+01  1.14188E-01 -2.80176E-10 -1.81696E-10 -1.16736E-11 -6.69344E-12
  4.000E+01  1.16978E-01 -2.70566E-10 -1.83304E-10 -1.15157E-11 -6.83817E-12
  4.050E+01  1.19797E-01 -2.61249E-10 -1.84678E-10 -1.13584E-11 -6.97699E-12
  4.100E+01  1.22645E-01 -2.52215E-10 -1.85835E-10 -1.12019E-11 -7.11009E-12
  4.150E+01  1.25522E-01 -2.43455E-10 -1.86788E-10 -1.10462E-11 -7.23765E-12
  4.200E+01  1.28428E-01 -2.34962E-10 -1.87551E-10 -1.08913E-11 -7.35982E-12
  4.250E+01  1.31361E-01 -2.26726E-10 -1.88137E-10 -1.07374E-11 -7.47678E-12
  4.300E+01  1.34323E-01 -2.18741E-10 -1.88558E-10 -1.05845E-11 -7.58868E-12
  4.350E+01  1.37313E-01 -2.10998E-10 -1.88825E-10 -1.04326E-11 -7.69567E-12
  4.400E+01  1.40330E-01 -2.03490E-10 -1.88948E-10 -1.02818E-11 -7.79792E-12
  4.450E+01  1.43375E-01 -1.96210E-10 -1.88937E-10 -1.01321E-11 -7.89555E-12
  4.500E+01  1.46447E-01 -1.89150E-10 -1.88801E-10 -9.98367E-12 -7.98872E-12
  4.550E+01  1.49545E-01 -1.82305E-10 -1.88549E-10 -9.83642E-12 -8.07755E-12
  4.600E+01  1.52671E-01 -1.75667E-10 -1.88189E-10 -9.69042E-12 -8.16218E-12
  4.650E+01  1.55823E-01 -1.69230E-10 -1.87729E-10 -9.54571E-12 -8.24275E-12
  4.700E+01  1.59001E-01 -1.62988E-10 -1.87176E-10 -9.40231E-12 -8.31936E-12
  4.750E+01  1.62205E-01 -1.56934E-10 -1.86536E-10 -9.26025E-12 -8.39215E-12
  4.800E+01  1.65435E-01 -1.51064E-10 -1.85816E-10 -9.11956E-12 -8.46124E-12
  4.850E+01  1.68690E-01 -1.45371E-10 -1.85021E-10 -8.98025E-12 -8.52672E-12
  4.900E+01  1.71970E-01 -1.39850E-10 -1.84158E-10 -8.84233E-12 -8.58873E-12
  4.950E+01  1.75276E-01 -1.34495E-10 -1.83232E-10 -8.70584E-12 -8.64736E-12
  5.000E+01  1.78606E-01 -1.29302E-10 -1.82248E-10 -8.57078E-12 -8.70271E-12
  5.050E+01  1.81961E-01 -1.24265E-10 -1.81209E-10 -8.43715E-12 -8.75490E-12
  5.100E+01  1.85340E-01 -1.19381E-10 -1.80121E-10 -8.30498E-12 -8.80401E-12
  5.150E+01  1.88743E-01 -1.14643E-10 -1.78988E-10 -8.17427E-12 -8.85014E-12
  5.200E+01  1.92169E-01 -1.10047E-10 -1.77813E-10 -8.04503E-12 -8.89339E-12
  5.250E+01  1.95619E-01 -1.05590E-10 -1.76601E-10 -7.91726E-12 -8.93383E-12
  5.300E+01  1.99092E-01 -1.01266E-10 -1.75354E-10 -7.79096E-12 -8.97157E-12
  5.350E+01  2.02589E-01 -9.70721E-11 -1.74076E-10 -7.66614E-12 -9.00668E-12
  5.400E+01  2.06107E-01 -9.30039E-11 -1.72769E-10 -7.54279E-12 -9.03924E-12
  5.450E+01  2.09649E-01 -8.90575E-11 -1.71438E-10 -7.42092E-12 -9.06934E-12
  5.500E+01  2.13212E-01 -8.52293E-11 -1.70083E-10 -7.30053E-12 -9.09705E-12
  5.550E+01  2.16797E-01 -8.15155E-11 -1.68708E-10 -7.18161E-12 -9.12244E-12
  5.600E+01  2.20404E-01 -7.79126E-11 -1.67315E-10 -7.06415E-12 -9.14559E-12
  5.650E+01  2.24032E-01 -7.44173E-11 -1.65907E-10 -6.94816E-12 -9.16656E-12
  5.700E+01  2.27680E-01 -7.10263E-11 -1.64484E-10 -6.83363E-12 -9.18542E-12
  5.750E+01  2.31350E-01 -6.77363E-11 -1.63050E-10 -6.72055E-12 -9.20225E-12
  5.800E+01  2.35040E-01 -6.45443E-11 -1.61606E-10 -6.60892E-12 -9.21709E-12
  5.850E+01  2.38751E-01 -6.14472E-11 -1.60153E-10 -6.49872E-12 -9.23002E-12
  5.900E+01  2.42481E-01 -5.84423E-11 -1.58694E-10 -6.38995E-12 -9.24109E-12
  5.950E+01  2.46231E-01 -5.55266E-11 -1.57230E-10 -6.28260E-12 -9.25036E-12
  6.000E+01  2.50000E-01 -5.26974E-11 -1.55761E-10 -6.17667E-12 -9.25789E-12
  6.050E+01  2.53788E-01 -4.99522E-11 -1.54291E-10 -6.07213E-12 -9.26373E-12
  6.100E+01  2.57595E-01 -4.72883E-11 -1.52818E-10 -5.96899E-12 -9.26793E-12
  6.150E+01  2.61421E-01 -4.47033E-11 -1.51346E-10 -5.86722E-12 -9.27054E-12
  6.200E+01  2.65264E-01 -4.21948E-11 -1.49874E-10 -5.76683E-12 -9.27162E-12
  6.250E+01  2.69126E-01 -3.97604E-11 -1.48404E-10 -5.66779E-12 -9.27121E-12
  6.300E+01  2.73005E-01 -3.73980E-11 -1.46937E-10 -5.57010E-12 -9.26935E-12
  6.350E+01  2.76901E-01 -3.51054E-11 -1.45473E-10 -5.47375E-12 -9.26610E-12
  6.400E+01  2.80814E-01 -3.28804E-11 -1.44014E-10 -5.37871E-12 -9.26149E-12
  6.450E+01  2.84744E-01 -3.07210E-11 -1.42560E-10 -5.28499E-12 -9.25557E-12
  6.500E+01  2.88691E-01 -2.86252E-11 -1.41112E-10 -5.19256E-12 -9.24837E-12
  6.550E+01  2.92653E-01 -2.65912E-11 -1.39670E-10 -5.10142E-12 -9.23995E-12
  6.600E+01  2.96632E-01 -2.46170E-11 -1.38235E-10 -5.01156E-12 -9.23032E-12
  6.650E+01  3.00625E-01 -2.27009E-11 -1.36808E-10 -4.92295E-12 -9.21954E-12
  6.700E+01  3.04634E-01 -2.08412E-11 -1.35388E-10 -4.83558E-12 -9.20764E-12
  6.750E+01  3.08658E-01 -1.90361E-11 -1.33978E-10 -4.74945E-12 -9.19465E-12
  6.800E+01  3.12697E-01 -1.72840E-11 -1.32576E-10 -4.66454E-12 -9.18061E-12
  6.850E+01  3.16749E-01 -1.55833E-11 -1.31183E-10 -4.58084E-12 -9.16554E-12
  6.900E+01  3.20816E-01 -1.39326E-11 -1.29801E-10 -4.49833E-12 -9.14949E-12
  6.950E+01  3.24896E-01 -1.23303E-11 -1.28428E-10 -4.41700E-12 -9.13248E-12
  7.000E+01  3.28990E-01 -1.07750E-11 -1.27065E-10 -4.33684E-12 -9.11454E-12
  7.050E+01  3.33097E-01 -9.26535E-12 -1.25714E-10 -4.25784E-12 -9.09569E-12
  7.100E+01  3.37216E-01 -7.79990E-12 -1.24373E-10 -4.17997E-12 -9.07598E-12
  7.150E+01  3.41348E-01 -6.37737E-12 -1.23043E-10 -4.10323E-12 -9.05542E-12
  7.200E+01  3.45492E-01 -4.99654E-12 -1.21724E-10 -4.02761E-12 -9.03404E-12
  7.250E+01  3.49647E-01 -3.65620E-12 -1.20417E-10 -3.95308E-12 -9.01187E-12
  7.300E+01  3.53814E-01 -2.35514E-12 -1.19121E-10 -3.87965E-12 -8.98893E-12
  7.350E+01  3.57992E-01 -1.09219E-12 -1.17837E-10 -3.80729E-12 -8.96524E-12
  7.400E+01  3.62181E-01  1.33788E-13 -1.16565E-10 -3.73599E-12 -8.94083E-12
  7.450E+01  3.66381E-01  1.32385E-12 -1.15305E-10 -3.66575E-12 -8.91572E-12
  7.500E+01  3.70590E-01  2.47904E-12 -1.14058E-10 -3.59654E-12 -8.88993E-12
  7.550E+01  3.74810E-01  3.60035E-12 -1.12822E-10 -3.52835E-12 -8.86348E-12
  7.600E+01  3.79039E-01  4.68879E-12 -1.11598E-10 -3.46118E-12 -8.83640E-12
  7.650E+01  3.83277E-01  5.74531E-12 -1.10387E-10 -3.39500E-12 -8.80870E-12
  7.700E+01  3.87524E-01  6.77085E-12 -1.09188E-10 -3.32982E-12 -8.78040E-12
  7.750E+01  3.91780E-01  7.76630E-12 -1.08001E-10 -3.26560E-12 -8.75152E-12
  7.800E+01  3.96044E-01  8.73252E-12 -1.06827E-10 -3.20236E-12 -8.72209E-12
  7.850E+01  4.00316E-01  9.67037E-12 -1.05665E-10 -3.14006E-12 -8.69210E-12
  7.900E+01  4.04596E-01  1.05806E-11 -1.04515E-10 -3.07870E-12 -8.66159E-12
  7.950E+01  4.08882E-01  1.14641E-11 -1.03378E-10 -3.01826E-12 -8.63057E-12
  8.000E+01  4.13176E-01  1.23216E-11 -1.02253E-10 -2.95875E-12 -8.59906E-12
  8.050E+01  4.17476E-01  1.31539E-11 -1.01140E-10 -2.90013E-12 -8.56706E-12
  8.100E+01  4.21783E-01  1.39616E-11 -1.00039E-10 -2.84241E-12 -8.53461E-12
  8.150E+01  4.26095E-01  1.47455E-11 -9.89509E-11 -2.78557E-12 -8.50170E-12
  8.200E+01  4.30413E-01  1.55062E-11 -9.78748E-11 -2.72960E-12 -8.46836E-12
  8.250E+01  4.34737E-01  1.62445E-11 -9.68107E-11 -2.67449E-12 -8.43459E-12
  8.300E+01  4.39065E-01  1.69609E-11 -9.57588E-11 -2.62022E-12 -8.40042E-12
  8.350E+01  4.43398E-01  1.76561E-11 -9.47188E-11 -2.56679E-12 -8.36585E-12
  8.400E+01  4.47736E-01  1.83306E-11 -9.36907E-11 -2.51419E-12 -8.33090E-12
  8.450E+01  4.52077E-01  1.89851E-11 -9.26745E-11 -2.46241E-12 -8.29558E-12
  8.500E+01  4.56422E-01  1.96202E-11 -9.16701E-11 -2.41142E-12 -8.25990E-12
  8.550E+01  4.60770E-01  2.02363E-11 -9.06774E-11 -2.36124E-12 -8.22387E-12
  8.600E+01  4.65122E-01  2.08340E-11 -8.96964E-11 -2.31184E-12 -8.18750E-12
  8.650E+01  4.69476E-01  2.14139E-11 -8.87269E-11 -2.26321E-12 -8.15081E-12
  8.700E+01  4.73832E-01  2.19764E-11 -8.77688E-11 -2.21535E-12 -8.11381E-12
  8.750E+01  4.78190E-01  2.25220E-11 -8.68222E-11 -2.16824E-12 -8.07650E-12
  8.800E+01  4.82550E-01  2.30512E-11 -8.58868E-11 -2.12187E-12 -8.03889E-12
  8.850E+01  4.86912E-01  2.35645E-11 -8.49627E-11 -2.07625E-12 -8.00100E-12
  8.900E+01  4.91274E-01  2.40623E-11 -8.40496E-11 -2.03134E-12 -7.96284E-12
  8.950E+01  4.95637E-01  2.45450E-11 -8.31476E-11 -1.98716E-12 -7.92440E-12
  9.000E+01  5.00000E-01  2.50132E-11 -8.22564E-11 -1.94368E-12 -7.88571E-12
  9.050E+01  5.04363E-01  2.54670E-11 -8.13761E-11 -1.90090E-12 -7.84677E-12
  9.100E+01  5.08726E-01  2.59071E-11 -8.05066E-11 -1.85881E-12 -7.80758E-12
  9.150E+01  5.13088E-01  2.63337E-11 -7.96476E-11 -1.81739E-12 -7.76816E-12
  9.200E+01  5.17450E-01  2.67473E-11 -7.87992E-11 -1.77665E-12 -7.72852E-12
  9.250E+01  5.21810E-01  2.71481E-11 -7.79612E-11 -1.73657E-12 -7.68866E-12
  9.300E+01  5.26168E-01  2.75366E-11 -7.71335E-11 -1.69715E-12 -7.64858E-12
  9.350E+01  5.30524E-01  2.79131E-11 -7.63160E-11 -1.65837E-12 -7.60831E-12
  9.400E+01  5.34878E-01  2.82780E-11 -7.55087E-11 -1.62023E-12 -7.56783E-12
  9.450E+01  5.39230E-01  2.86315E-11 -7.47114E-11 -1.58272E-12 -7.52717E-12
  9.500E+01  5.43578E-01  2.89739E-11 -7.39240E-11 -1.54583E-12 -7.48632E-12
  9.550E+01  5.47923E-01  2.93057E-11 -7.31464E-11 -1.50955E-12 -7.44530E-12
  9.600E+01  5.52264E-01  2.96270E-11 -7.23785E-11 -1.47387E-12 -7.40410E-12
  9.650E+01  5.56602E-01  2.99382E-11 -7.16202E-11 -1.43880E-12 -7.36274E-12
  9.700E+01  5.60935E-01  3.02396E-11 -7.08715E-11 -1.40431E-12 -7.32122E-12
  9.750E+01  5.65263E-01  3.05313E-11 -7.01321E-11 -1.37040E-12 -7.27955E-12
  9.800E+01  5.69587E-01  3.08138E-11 -6.94021E-11 -1.33707E-12 -7.23772E-12
  9.850E+01  5.73905E-01  3.10872E-11 -6.86813E-11 -1.30430E-12 -7.19576E-12
  9.900E+01  5.78217E-01  3.13518E-11 -6.79696E-11 -1.27210E-12 -7.15366E-12
  9.950E+01  5.82524E-01  3.16079E-11 -6.72669E-11 -1.24044E-12 -7.11142E-12
  1.000E+02  5.86824E-01  3.18556E-11 -6.65731E-11 -1.20933E-12 -7.06906E-12
  1.005E+02  5.91118E-01  3.20953E-11 -6.58881E-11 -1.17876E-12 -7.02657E-12
  1.010E+02  5.95404E-01  3.23271E-11 -6.52118E-11 -1.14872E-12 -6.98397E-12
  1.015E+02  5.99684E-01  3.25512E-11 -6.45442E-11 -1.11921E-12 -6.94125E-12
  1.020E+02  6.03956E-01  3.27680E-11 -6.38850E-11 -1.09021E-12 -6.89842E-12
  1.025E+02  6.08220E-01  3.29775E-11 -6.32343E-11 -1.06172E-12 -6.85549E-12
  1.030E+02  6.12476E-01  3.31800E-11 -6.25920E-11 -1.03373E-12 -6.81246E-12
  1.035E+02  6.16723E-01  3.33756E-11 -6.19578E-11 -1.00625E-12 -6.76933E-12
  1.040E+02  6.20961E-01  3.35646E-11 -6.13318E-11 -9.79249E-13 -6.72610E-12
  1.045E+02  6.25190E-01  3.37472E-11 -6.07139E-11 -9.52737E-13 -6.68279E-12
  1.050E+02  6.29410E-01  3.39235E-11 -6.01039E-11 -9.26703E-13 -6.63939E-12
  1.055E+02  6.33619E-01  3.40938E-11 -5.95018E-11 -9.01142E-13 -6.59590E-12
  1.060E+02  6.37819E-01  3.42580E-11 -5.89074E-11 -8.76046E-13 -6.55234E-12
  1.065E+02  6.42008E-01  3.44166E-11 -5.83208E-11 -8.51410E-13 -6.50870E-12
  1.070E+02  6.46186E-01  3.45695E-11 -5.77417E-11 -8.27229E-13 -6.46500E-12
  1.075E+02  6.50353E-01  3.47170E-11 -5.71702E-11 -8.03495E-13 -6.42122E-12
  1.080E+02  6.54508E-01  3.48593E-11 -5.66060E-11 -7.80203E-13 -6.37737E-12
  1.085E+02  6.58652E-01  3.49964E-11 -5.60492E-11 -7.57348E-13 -6.33346E-12
  1.090E+02  6.62784E-01  3.51285E-11 -5.54997E-11 -7.34924E-13 -6.28949E-12
  1.095E+02  6.66903E-01  3.52557E-11 -5.49574E-11 -7.12925E-13 -6.24547E-12
  1.100E+02  6.71010E-01  3.53783E-11 -5.44221E-11 -6.91346E-13 -6.20139E-12
  1.105E+02  6.75104E-01  3.54962E-11 -5.38938E-11 -6.70180E-13 -6.15725E-12
  1.110E+02  6.79184E-01  3.56098E-11 -5.33725E-11 -6.49424E-13 -6.11307E-12
  1.115E+02  6.83251E-01  3.57190E-11 -5.28580E-11 -6.29071E-13 -6.06884E-12
  1.120E+02  6.87303E-01  3.58240E-11 -5.23503E-11 -6.09116E-13 -6.02457E-12
  1.125E+02  6.91342E-01  3.59249E-11 -5.18492E-11 -5.89554E-13 -5.98025E-12
  1.130E+02  6.95366E-01  3.60219E-11 -5.13548E-11 -5.70380E-13 -5.93589E-12
  1.135E+02  6.99375E-01  3.61150E-11 -5.08669E-11 -5.51588E-13 -5.89149E-12
  1.140E+02  7.03368E-01  3.62044E-11 -5.03855E-11 -5.33174E-13 -5.84706E-12
  1.145E+02  7.07347E-01  3.62902E-11 -4.99104E-11 -5.15133E-13 -5.80260E-12
  1.150E+02  7.11309E-01  3.63725E-11 -4.94417E-11 -4.97460E-13 -5.75810E-12
  1.155E+02  7.15256E-01  3.64513E-11 -4.89792E-11 -4.80150E-13 -5.71357E-12
  1.160E+02  7.19186E-01  3.65269E-11 -4.85228E-11 -4.63198E-13 -5.66902E-12
  1.165E+02  7.23099E-01  3.65992E-11 -4.80726E-11 -4.46599E-13 -5.62444E-12
  1.170E+02  7.26995E-01  3.66684E-11 -4.76284E-11 -4.30349E-13 -5.57983E-12
  1.175E+02  7.30874E-01  3.67345E-11 -4.71901E-11 -4.14444E-13 -5.53520E-12
  1.180E+02  7.34736E-01  3.67977E-11 -4.67577E-11 -3.98878E-13 -5.49056E-12
  1.185E+02  7.38579E-01  3.68581E-11 -4.63312E-11 -3.83647E-13 -5.44589E-12
  1.190E+02  7.42405E-01  3.69157E-11 -4.59104E-11 -3.68747E-13 -5.40120E-12
  1.195E+02  7.46212E-01  3.69706E-11 -4.54953E-11 -3.54173E-13 -5.35650E-12
  1.200E+02  7.50000E-01  3.70229E-11 -4.50858E-11 -3.39921E-13 -5.31178E-12
  1.205E+02  7.53769E-01  3.70727E-11 -4.46819E-11 -3.25987E-13 -5.26705E-12
  1.210E+02  7.57519E-01  3.71201E-11 -4.42835E-11 -3.12366E-13 -5.22230E-12
  1.215E+02  7.61249E-01  3.71650E-11 -4.38905E-11 -2.99054E-13 -5.17755E-12
  1.220E+02  7.64960E-01  3.72077E-11 -4.35029E-11 -2.86047E-13 -5.13278E-12
  1.225E+02  7.68650E-01  3.72482E-11 -4.31207E-11 -2.73340E-13 -5.08801E-12
  1.230E+02  7.72320E-01  3.72865E-11 -4.27436E-11 -2.60931E-13 -5.04323E-12
  1.235E+02  7.75968E-01  3.73227E-11 -4.23718E-11 -2.48814E-13 -4.99844E-12
  1.240E+02  7.79596E-01  3.73568E-11 -4.20051E-11 -2.36987E-13 -4.95365E-12
  1.245E+02  7.83203E-01  3.73891E-11 -4.16435E-11 -2.25444E-13 -4.90886E-12
  1.250E+02  7.86788E-01  3.74194E-11 -4.12870E-11 -2.14182E-13 -4.86406E-12
  1.255E+02  7.90351E-01  3.74479E-11 -4.09354E-11 -2.03197E-13 -4.81926E-12
  1.260E+02  7.93893E-01  3.74746E-11 -4.05887E-11 -1.92485E-13 -4.77446E-12
  1.265E+02  7.97411E-01  3.74996E-11 -4.02469E-11 -1.82043E-13 -4.72966E-12
  1.270E+02  8.00908E-01  3.75230E-11 -3.99099E-11 -1.71867E-13 -4.68486E-12
  1.275E+02  8.04381E-01  3.75447E-11 -3.95777E-11 -1.61952E-13 -4.64006E-12
  1.280E+02  8.07831E-01  3.75649E-11 -3.92502E-11 -1.52297E-13 -4.59526E-12
  1.285E+02  8.11257E-01  3.75836E-11 -3.89274E-11 -1.42896E-13 -4.55047E-12
  1.290E+02  8.14660E-01  3.76009E-11 -3.86091E-11 -1.33746E-13 -4.50568E-12
  1.295E+02  8.18039E-01  3.76167E-11 -3.82954E-11 -1.24844E-13 -4.46090E-12
  1.300E+02  8.21394E-01  3.76312E-11 -3.79863E-11 -1.16187E-13 -4.41612E-12
  1.305E+02  8.24724E-01  3.76444E-11 -3.76816E-11 -1.07770E-13 -4.37134E-12
  1.310E+02  8.28030E-01  3.76564E-11 -3.73813E-11 -9.95905E-14 -4.32658E-12
  1.315E+02  8.31310E-01  3.76671E-11 -3.70854E-11 -9.16450E-14 -4.28182E-12
  1.320E+02  8.34565E-01  3.76767E-11 -3.67938E-11 -8.39302E-14 -4.23707E-12
  1.325E+02  8.37795E-01  3.76852E-11 -3.65066E-11 -7.64427E-14 -4.19232E-12
  1.330E+02  8.40999E-01  3.76925E-11 -3.62235E-11 -6.91791E-14 -4.14759E-12
  1.335E+02  8.44177E-01  3.76989E-11 -3.59447E-11 -6.21364E-14 -4.10287E-12
  1.340E+02  8.47329E-01  3.77042E-11 -3.56700E-11 -5.53111E-14 -4.05815E-12
  1.345E+02  8.50455E-01  3.77086E-11 -3.53994E-11 -4.87002E-14 -4.01345E-12
  1.350E+02  8.53553E-01  3.77121E-11 -3.51329E-11 -4.23004E-14 -3.96876E-12
  1.355E+02  8.56625E-01  3.77146E-11 -3.48704E-11 -3.61087E-14 -3.92407E-12
  1.360E+02  8.59670E-01  3.77164E-11 -3.46119E-11 -3.01219E-14 -3.87940E-12
  1.365E+02  8.62687E-01  3.77173E-11 -3.43574E-11 -2.43369E-14 -3.83475E-12
  1.370E+02  8.65677E-01  3.77174E-11 -3.41068E-11 -1.87508E-14 -3.79010E-12
  1.375E+02  8.68639E-01  3.77168E-11 -3.38600E-11 -1.33604E-14 -3.74547E-12
  1.380E+02  8.71572E-01  3.77155E-11 -3.36172E-11 -8.16283E-15 -3.70085E-12
  1.385E+02  8.74478E-01  3.77135E-11 -3.33781E-11 -3.15512E-15 -3.65624E-12
  1.390E+02  8.77355E-01  3.77108E-11 -3.31427E-11  1.66569E-15 -3.61165E-12
  1.395E+02  8.80203E-01  3.77075E-11 -3.29111E-11  6.30249E-15 -3.56707E-12
  1.400E+02  8.83022E-01  3.77036E-11 -3.26832E-11  1.07582E-14 -3.52250E-12
  1.405E+02  8.85812E-01  3.76992E-11 -3.24590E-11  1.50356E-14 -3.47795E-12
  1.410E+02  8.88573E-01  3.76942E-11 -3.22384E-11  1.91376E-14 -3.43341E-12
  1.415E+02  8.91304E-01  3.76887E-11 -3.20214E-11  2.30670E-14 -3.38889E-12
  1.420E+02  8.94005E-01  3.76828E-11 -3.18079E-11  2.68265E-14 -3.34438E-12
  1.425E+02  8.96677E-01  3.76764E-11 -3.15980E-11  3.04190E-14 -3.29989E-12
  1.430E+02  8.99318E-01  3.76695E-11 -3.13916E-11  3.38471E-14 -3.25541E-12
  1.435E+02  9.01928E-01  3.76623E-11 -3.11886E-11  3.71135E-14 -3.21095E-12
  1.440E+02  9.04508E-01  3.76546E-11 -3.09891E-11  4.02211E-14 -3.16650E-12
  1.445E+02  9.07058E-01  3.76466E-11 -3.07930E-11  4.31723E-14 -3.12207E-12
  1.450E+02  9.09576E-01  3.76383E-11 -3.06003E-11  4.59699E-14 -3.07765E-12
  1.455E+02  9.12063E-01  3.76296E-11 -3.04109E-11  4.86165E-14 -3.03325E-12
  1.460E+02  9.14519E-01  3.76207E-11 -3.02249E-11  5.11147E-14 -2.98886E-12
  1.465E+02  9.16943E-01  3.76115E-11 -3.00421E-11  5.34671E-14 -2.94449E-12
  1.470E+02  9.19335E-01  3.76020E-11 -2.98626E-11  5.56762E-14 -2.90014E-12
  1.475E+02  9.21696E-01  3.75924E-11 -2.96864E-11  5.77446E-14 -2.85580E-12
  1.480E+02  9.24024E-01  3.75825E-11 -2.95134E-11  5.96749E-14 -2.81148E-12
  1.485E+02  9.26320E-01  3.75724E-11 -2.93435E-11  6.14694E-14 -2.76717E-12
  1.490E+02  9.28584E-01  3.75621E-11 -2.91769E-11  6.31307E-14 -2.72288E-12
  1.495E+02  9.30815E-01  3.75517E-11 -2.90134E-11  6.46613E-14 -2.67860E-12
  1.500E+02  9.33013E-01  3.75411E-11 -2.88529E-11  6.60637E-14 -2.63434E-12
  1.505E+02  9.35178E-01  3.75304E-11 -2.86956E-11  6.73402E-14 -2.59009E-12
  1.510E+02  9.37310E-01  3.75197E-11 -2.85414E-11  6.84932E-14 -2.54586E-12
  1.515E+02  9.39409E-01  3.75088E-11 -2.83902E-11  6.95252E-14 -2.50164E-12
  1.520E+02  9.41474E-01  3.74978E-11 -2.82420E-11  7.04386E-14 -2.45744E-12
  1.525E+02  9.43505E-01  3.74868E-11 -2.80968E-11  7.12357E-14 -2.41325E-12
  1.530E+02  9.45503E-01  3.74758E-11 -2.79547E-11  7.19189E-14 -2.36908E-12
  1.535E+02  9.47467E-01  3.74647E-11 -2.78154E-11  7.24904E-14 -2.32493E-12
  1.540E+02  9.49397E-01  3.74537E-11 -2.76792E-11  7.29527E-14 -2.28078E-12
  1.545E+02  9.51293E-01  3.74426E-11 -2.75458E-11  7.33080E-14 -2.23666E-12
  1.550E+02  9.53154E-01  3.74315E-11 -2.74153E-11  7.35586E-14 -2.19254E-12
  1.555E+02  9.54981E-01  3.74204E-11 -2.72878E-11  7.37069E-14 -2.14844E-12
  1.560E+02  9.56773E-01  3.74094E-11 -2.71630E-11  7.37550E-14 -2.10436E-12
  1.565E+02  9.58530E-01  3.73985E-11 -2.70412E-11  7.37052E-14 -2.06029E-12
  1.570E+02  9.60252E-01  3.73876E-11 -2.69221E-11  7.35597E-14 -2.01623E-12
  1.575E+02  9.61940E-01  3.73768E-11 -2.68059E-11  7.33208E-14 -1.97218E-12
  1.580E+02  9.63592E-01  3.73661E-11 -2.66925E-11  7.29907E-14 -1.92815E-12
  1.585E+02  9.65209E-01  3.73554E-11 -2.65818E-11  7.25716E-14 -1.88413E-12
  1.590E+02  9.66790E-01  3.73449E-11 -2.64740E-11  7.20657E-14 -1.84013E-12
  1.595E+02  9.68336E-01  3.73345E-11 -2.63688E-11  7.14751E-14 -1.79614E-12
  1.600E+02  9.69846E-01  3.73242E-11 -2.62664E-11  7.08020E-14 -1.75216E-12
  1.605E+02  9.71321E-01  3.73140E-11 -2.61667E-11  7.00485E-14 -1.70819E-12
  1.610E+02  9.72759E-01  3.73040E-11 -2.60697E-11  6.92169E-14 -1.66423E-12
  1.615E+02  9.74162E-01  3.72942E-11 -2.59754E-11  6.83092E-14 -1.62029E-12
  1.620E+02  9.75528E-01  3.72845E-11 -2.58838E-11  6.73276E-14 -1.57635E-12
  1.625E+02  9.76858E-01  3.72750E-11 -2.57948E-11  6.62741E-14 -1.53243E-12
  1.630E+02  9.78152E-01  3.72657E-11 -2.57085E-11  6.51509E-14 -1.48852E-12
  1.635E+02  9.79410E-01  3.72565E-11 -2.56248E-11  6.39601E-14 -1.44462E-12
  1.640E+02  9.80631E-01  3.72476E-11 -2.55438E-11  6.27037E-14 -1.40073E-12
  1.645E+02  9.81815E-01  3.72388E-11 -2.54653E-11  6.13839E-14 -1.35685E-12
  1.650E+02  9.82963E-01  3.72303E-11 -2.53895E-11  6.00026E-14 -1.31298E-12
  1.655E+02  9.84074E-01  3.72220E-11 -2.53162E-11  5.85620E-14 -1.26912E-12
  1.660E+02  9.85148E-01  3.72139E-11 -2.52456E-11  5.70642E-14 -1.22527E-12
  1.665E+02  9.86185E-01  3.72060E-11 -2.51775E-11  5.55110E-14 -1.18143E-12
  1.670E+02  9.87185E-01  3.71984E-11 -2.51119E-11  5.39047E-14 -1.13760E-12
  1.675E+02  9.88148E-01  3.71910E-11 -2.50489E-11  5.22471E-14 -1.09377E-12
  1.680E+02  9.89074E-01  3.71839E-11 -2.49885E-11  5.05404E-14 -1.04996E-12
  1.685E+02  9.89962E-01  3.71770E-11 -2.49306E-11  4.87866E-14 -1.00615E-12
  1.690E+02  9.90814E-01  3.71704E-11 -2.48752E-11  4.69876E-14 -9.62349E-13
  1.695E+02  9.91627E-01  3.71640E-11 -2.48223E-11  4.51456E-14 -9.18556E-13
  1.700E+02  9.92404E-01  3.71579E-11 -2.47719E-11  4.32623E-14 -8.74769E-13
  1.705E+02  9.93143E-01  3.71520E-11 -2.47241E-11  4.13400E-14 -8.30989E-13
  1.710E+02  9.93844E-01  3.71465E-11 -2.46787E-11  3.93805E-14 -7.87216E-13
  1.715E+02  9.94508E-01  3.71412E-11 -2.46358E-11  3.73858E-14 -7.43448E-13
  1.720E+02  9.95134E-01  3.71362E-11 -2.45954E-11  3.53579E-14 -6.99686E-13
  1.725E+02  9.95722E-01  3.71315E-11 -2.45575E-11  3.32989E-14 -6.55930E-13
  1.730E+02  9.96273E-01  3.71271E-11 -2.45221E-11  3.12106E-14 -6.12178E-13
  1.735E+02  9.96786E-01  3.71229E-11 -2.44891E-11  2.90950E-14 -5.68431E-13
  1.740E+02  9.97261E-01  3.71191E-11 -2.44586E-11  2.69541E-14 -5.24689E-13
  1.745E+02  9.97698E-01  3.71156E-11 -2.44305E-11  2.47899E-14 -4.80951E-13
  1.750E+02  9.98097E-01  3.71123E-11 -2.44049E-11  2.26042E-14 -4.37216E-13
  1.755E+02  9.98459E-01  3.71094E-11 -2.43817E-11  2.03992E-14 -3.93485E-13
  1.760E+02  9.98782E-01  3.71068E-11 -2.43610E-11  1.81766E-14 -3.49757E-13
  1.765E+02  9.99067E-01  3.71044E-11 -2.43427E-11  1.59385E-14 -3.06031E-13
  1.770E+02  9.99315E-01  3.71024E-11 -2.43269E-11  1.36868E-14 -2.62308E-13
  1.775E+02  9.99524E-01  3.71007E-11 -2.43135E-11  1.14235E-14 -2.18587E-13
  1.780E+02  9.99695E-01  3.70993E-11 -2.43026E-11  9.15041E-15 -1.74867E-13
  1.785E+02  9.99829E-01  3.70982E-11 -2.42941E-11  6.86959E-15 -1.31149E-13
  1.790E+02  9.99924E-01  3.70974E-11 -2.42880E-11  4.58296E-15 -8.74323E-14
  1.795E+02  9.99981E-01  3.70970E-11 -2.42843E-11  2.29245E-15 -4.37160E-14
  1.800E+02  1.00000E+00  3.70968E-11 -2.42831E-11  3.21754E-29 -6.13484E-28
