 #  Scattering field.
 #  All quantities in atomic units (a.u.), unless otherwise indicated.
 #  Z =  42, NELEC =  42,   projectile: electron
 #  Kinetic energy = 1.46997E+03 a.u. = 4.00000E+04 eV
 #
 #   i       r           r*V         r*Vst        r*Vex       r*Vpol       r*Wabs        rho_e
 #------------------------------------------------------------------------------------------------
     1  0.00000E+00 -0.00000E+00 -0.00000E+00  0.00000E+00  0.00000E+00  0.00000E+00  1.00256E+05
     2  2.18396E-07 -1.37764E-01 -1.37764E-01 -1.08784E-07  0.00000E+00  0.00000E+00  1.00256E+05
     3  4.41951E-07 -2.78781E-01 -2.78781E-01 -2.19763E-07  0.00000E+00  0.00000E+00  1.00086E+05
     4  6.70780E-07 -4.23122E-01 -4.23122E-01 -3.32978E-07  0.00000E+00  0.00000E+00  9.99131E+04
     5  9.05009E-07 -5.70864E-01 -5.70863E-01 -4.48473E-07  0.00000E+00  0.00000E+00  9.97387E+04
     6  1.14476E-06 -7.22084E-01 -7.22083E-01 -5.66291E-07  0.00000E+00  0.00000E+00  9.95627E+04
     7  1.39018E-06 -8.76862E-01 -8.76861E-01 -6.86480E-07  0.00000E+00  0.00000E+00  9.93849E+04
     8  1.64138E-06 -1.03528E+00 -1.03528E+00 -8.09086E-07  0.00000E+00  0.00000E+00  9.92056E+04
     9  1.89851E-06 -1.19742E+00 -1.19742E+00 -9.34157E-07  0.00000E+00  0.00000E+00  9.90246E+04
    10  2.16170E-06 -1.36337E+00 -1.36337E+00 -1.06175E-06  0.00000E+00  0.00000E+00  9.88422E+04
    11  2.43111E-06 -1.53321E+00 -1.53321E+00 -1.19190E-06  0.00000E+00  0.00000E+00  9.86583E+04
    12  2.70687E-06 -1.70703E+00 -1.70703E+00 -1.32468E-06  0.00000E+00  0.00000E+00  9.84730E+04
    13  2.98914E-06 -1.88493E+00 -1.88492E+00 -1.46013E-06  0.00000E+00  0.00000E+00  9.82865E+04
    14  3.27807E-06 -2.06698E+00 -2.06698E+00 -1.59831E-06  0.00000E+00  0.00000E+00  9.80987E+04
    15  3.57381E-06 -2.25329E+00 -2.25329E+00 -1.73929E-06  0.00000E+00  0.00000E+00  9.79097E+04
    16  3.87654E-06 -2.44395E+00 -2.44395E+00 -1.88311E-06  0.00000E+00  0.00000E+00  9.77197E+04
    17  4.18640E-06 -2.63906E+00 -2.63906E+00 -2.02985E-06  0.00000E+00  0.00000E+00  9.75288E+04
    18  4.50358E-06 -2.83871E+00 -2.83871E+00 -2.17957E-06  0.00000E+00  0.00000E+00  9.73369E+04
    19  4.82824E-06 -3.04301E+00 -3.04301E+00 -2.33233E-06  0.00000E+00  0.00000E+00  9.71443E+04
    20  5.16056E-06 -3.25205E+00 -3.25205E+00 -2.48821E-06  0.00000E+00  0.00000E+00  9.69510E+04
    21  5.50072E-06 -3.46594E+00 -3.46594E+00 -2.64728E-06  0.00000E+00  0.00000E+00  9.67572E+04
    22  5.84891E-06 -3.68479E+00 -3.68478E+00 -2.80961E-06  0.00000E+00  0.00000E+00  9.65630E+04
    23  6.20531E-06 -3.90869E+00 -3.90869E+00 -2.97529E-06  0.00000E+00  0.00000E+00  9.63684E+04
    24  6.57012E-06 -4.13776E+00 -4.13776E+00 -3.14439E-06  0.00000E+00  0.00000E+00  9.61737E+04
    25  6.94354E-06 -4.37211E+00 -4.37210E+00 -3.31699E-06  0.00000E+00  0.00000E+00  9.59789E+04
    26  7.32577E-06 -4.61184E+00 -4.61184E+00 -3.49320E-06  0.00000E+00  0.00000E+00  9.57842E+04
    27  7.71702E-06 -4.85708E+00 -4.85707E+00 -3.67310E-06  0.00000E+00  0.00000E+00  9.55897E+04
    28  8.11750E-06 -5.10792E+00 -5.10792E+00 -3.85679E-06  0.00000E+00  0.00000E+00  9.53956E+04
    29  8.52743E-06 -5.36450E+00 -5.36449E+00 -4.04437E-06  0.00000E+00  0.00000E+00  9.52021E+04
    30  8.94703E-06 -5.62692E+00 -5.62691E+00 -4.23594E-06  0.00000E+00  0.00000E+00  9.50093E+04
    31  9.37653E-06 -5.89530E+00 -5.89529E+00 -4.43162E-06  0.00000E+00  0.00000E+00  9.48173E+04
    32  9.81617E-06 -6.16975E+00 -6.16975E+00 -4.63153E-06  0.00000E+00  0.00000E+00  9.46264E+04
    33  1.02662E-05 -6.45041E+00 -6.45040E+00 -4.83578E-06  0.00000E+00  0.00000E+00  9.44368E+04
    34  1.07268E-05 -6.73738E+00 -6.73738E+00 -5.04450E-06  0.00000E+00  0.00000E+00  9.42485E+04
    35  1.11983E-05 -7.03079E+00 -7.03079E+00 -5.25784E-06  0.00000E+00  0.00000E+00  9.40618E+04
    36  1.16809E-05 -7.33076E+00 -7.33075E+00 -5.47592E-06  0.00000E+00  0.00000E+00  9.38769E+04
    37  1.21749E-05 -7.63741E+00 -7.63740E+00 -5.69891E-06  0.00000E+00  0.00000E+00  9.36941E+04
    38  1.26806E-05 -7.95085E+00 -7.95085E+00 -5.92694E-06  0.00000E+00  0.00000E+00  9.35134E+04
    39  1.31982E-05 -8.27122E+00 -8.27121E+00 -6.16020E-06  0.00000E+00  0.00000E+00  9.33351E+04
    40  1.37280E-05 -8.59863E+00 -8.59862E+00 -6.39885E-06  0.00000E+00  0.00000E+00  9.31594E+04
    41  1.42703E-05 -8.93320E+00 -8.93319E+00 -6.64307E-06  0.00000E+00  0.00000E+00  9.29865E+04
    42  1.48254E-05 -9.27504E+00 -9.27504E+00 -6.89305E-06  0.00000E+00  0.00000E+00  9.28166E+04
    43  1.53936E-05 -9.62429E+00 -9.62428E+00 -7.14900E-06  0.00000E+00  0.00000E+00  9.26500E+04
    44  1.59752E-05 -9.98104E+00 -9.98103E+00 -7.41113E-06  0.00000E+00  0.00000E+00  9.24869E+04
    45  1.65705E-05 -1.03454E+01 -1.03454E+01 -7.67966E-06  0.00000E+00  0.00000E+00  9.23274E+04
    46  1.71799E-05 -1.07175E+01 -1.07175E+01 -7.95482E-06  0.00000E+00  0.00000E+00  9.21718E+04
    47  1.78036E-05 -1.10975E+01 -1.10975E+01 -8.23686E-06  0.00000E+00  0.00000E+00  9.20204E+04
    48  1.84421E-05 -1.14854E+01 -1.14854E+01 -8.52605E-06  0.00000E+00  0.00000E+00  9.18732E+04
    49  1.90956E-05 -1.18814E+01 -1.18814E+01 -8.82265E-06  0.00000E+00  0.00000E+00  9.17306E+04
    50  1.97646E-05 -1.22855E+01 -1.22855E+01 -9.12696E-06  0.00000E+00  0.00000E+00  9.15927E+04
    51  2.04493E-05 -1.26978E+01 -1.26978E+01 -9.43928E-06  0.00000E+00  0.00000E+00  9.14597E+04
    52  2.11502E-05 -1.31185E+01 -1.31185E+01 -9.75992E-06  0.00000E+00  0.00000E+00  9.13317E+04
    53  2.18676E-05 -1.35476E+01 -1.35476E+01 -1.00892E-05  0.00000E+00  0.00000E+00  9.12091E+04
    54  2.26019E-05 -1.39852E+01 -1.39851E+01 -1.04276E-05  0.00000E+00  0.00000E+00  9.10918E+04
    55  2.33536E-05 -1.44312E+01 -1.44312E+01 -1.07753E-05  0.00000E+00  0.00000E+00  9.09801E+04
    56  2.41230E-05 -1.48859E+01 -1.48859E+01 -1.11328E-05  0.00000E+00  0.00000E+00  9.08740E+04
    57  2.49106E-05 -1.53493E+01 -1.53493E+01 -1.15005E-05  0.00000E+00  0.00000E+00  9.07737E+04
    58  2.57168E-05 -1.58213E+01 -1.58212E+01 -1.18788E-05  0.00000E+00  0.00000E+00  9.06792E+04
    59  2.65419E-05 -1.63019E+01 -1.63019E+01 -1.22682E-05  0.00000E+00  0.00000E+00  9.05906E+04
    60  2.73866E-05 -1.67913E+01 -1.67913E+01 -1.26691E-05  0.00000E+00  0.00000E+00  9.05078E+04
    61  2.82511E-05 -1.72894E+01 -1.72894E+01 -1.30820E-05  0.00000E+00  0.00000E+00  9.04309E+04
    62  2.91361E-05 -1.77961E+01 -1.77961E+01 -1.35076E-05  0.00000E+00  0.00000E+00  9.03596E+04
    63  3.00419E-05 -1.83115E+01 -1.83115E+01 -1.39461E-05  0.00000E+00  0.00000E+00  9.02939E+04
    64  3.09692E-05 -1.88354E+01 -1.88354E+01 -1.43984E-05  0.00000E+00  0.00000E+00  9.02337E+04
    65  3.19183E-05 -1.93678E+01 -1.93677E+01 -1.48648E-05  0.00000E+00  0.00000E+00  9.01785E+04
    66  3.28897E-05 -1.99085E+01 -1.99085E+01 -1.53461E-05  0.00000E+00  0.00000E+00  9.01281E+04
    67  3.38842E-05 -2.04574E+01 -2.04574E+01 -1.58428E-05  0.00000E+00  0.00000E+00  9.00821E+04
    68  3.49020E-05 -2.10144E+01 -2.10144E+01 -1.63557E-05  0.00000E+00  0.00000E+00  9.00399E+04
    69  3.59439E-05 -2.15793E+01 -2.15793E+01 -1.68852E-05  0.00000E+00  0.00000E+00  9.00009E+04
    70  3.70104E-05 -2.21518E+01 -2.21518E+01 -1.74322E-05  0.00000E+00  0.00000E+00  8.99645E+04
    71  3.81020E-05 -2.27317E+01 -2.27317E+01 -1.79973E-05  0.00000E+00  0.00000E+00  8.99297E+04
    72  3.92194E-05 -2.33186E+01 -2.33186E+01 -1.85812E-05  0.00000E+00  0.00000E+00  8.98955E+04
    73  4.03632E-05 -2.39122E+01 -2.39122E+01 -1.91846E-05  0.00000E+00  0.00000E+00  8.98609E+04
    74  4.15339E-05 -2.45122E+01 -2.45122E+01 -1.98082E-05  0.00000E+00  0.00000E+00  8.98246E+04
    75  4.27323E-05 -2.51180E+01 -2.51180E+01 -2.04532E-05  0.00000E+00  0.00000E+00  8.97865E+04
    76  4.39589E-05 -2.57292E+01 -2.57292E+01 -2.11204E-05  0.00000E+00  0.00000E+00  8.97466E+04
    77  4.52145E-05 -2.63452E+01 -2.63452E+01 -2.18113E-05  0.00000E+00  0.00000E+00  8.97047E+04
    78  4.64997E-05 -2.69654E+01 -2.69654E+01 -2.25270E-05  0.00000E+00  0.00000E+00  8.96608E+04
    79  4.78152E-05 -2.75891E+01 -2.75891E+01 -2.32689E-05  0.00000E+00  0.00000E+00  8.96148E+04
    80  4.91618E-05 -2.82155E+01 -2.82155E+01 -2.40386E-05  0.00000E+00  0.00000E+00  8.95666E+04
    81  5.05401E-05 -2.88439E+01 -2.88438E+01 -2.48376E-05  0.00000E+00  0.00000E+00  8.95162E+04
    82  5.19510E-05 -2.94732E+01 -2.94732E+01 -2.56677E-05  0.00000E+00  0.00000E+00  8.94634E+04
    83  5.33951E-05 -3.01025E+01 -3.01025E+01 -2.65309E-05  0.00000E+00  0.00000E+00  8.94082E+04
    84  5.48733E-05 -3.07307E+01 -3.07307E+01 -2.74292E-05  0.00000E+00  0.00000E+00  8.93505E+04
    85  5.63864E-05 -3.13566E+01 -3.13566E+01 -2.83650E-05  0.00000E+00  0.00000E+00  8.92901E+04
    86  5.79352E-05 -3.19789E+01 -3.19788E+01 -2.93406E-05  0.00000E+00  0.00000E+00  8.92271E+04
    87  5.95205E-05 -3.25961E+01 -3.25961E+01 -3.03587E-05  0.00000E+00  0.00000E+00  8.91612E+04
    88  6.11433E-05 -3.32069E+01 -3.32069E+01 -3.14225E-05  0.00000E+00  0.00000E+00  8.90925E+04
    89  6.28043E-05 -3.38096E+01 -3.38095E+01 -3.25349E-05  0.00000E+00  0.00000E+00  8.90208E+04
    90  6.45045E-05 -3.44024E+01 -3.44024E+01 -3.36997E-05  0.00000E+00  0.00000E+00  8.89460E+04
    91  6.62449E-05 -3.49836E+01 -3.49836E+01 -3.49206E-05  0.00000E+00  0.00000E+00  8.88681E+04
    92  6.80263E-05 -3.55512E+01 -3.55512E+01 -3.62018E-05  0.00000E+00  0.00000E+00  8.87870E+04
    93  6.98497E-05 -3.61033E+01 -3.61032E+01 -3.75480E-05  0.00000E+00  0.00000E+00  8.87025E+04
    94  7.17161E-05 -3.66377E+01 -3.66377E+01 -3.89640E-05  0.00000E+00  0.00000E+00  8.86146E+04
    95  7.36266E-05 -3.71524E+01 -3.71524E+01 -4.04554E-05  0.00000E+00  0.00000E+00  8.85232E+04
    96  7.55822E-05 -3.76454E+01 -3.76453E+01 -4.20280E-05  0.00000E+00  0.00000E+00  8.84283E+04
    97  7.75839E-05 -3.81144E+01 -3.81144E+01 -4.36880E-05  0.00000E+00  0.00000E+00  8.83297E+04
    98  7.96328E-05 -3.85577E+01 -3.85576E+01 -4.54422E-05  0.00000E+00  0.00000E+00  8.82274E+04
    99  8.17301E-05 -3.89733E+01 -3.89732E+01 -4.72976E-05  0.00000E+00  0.00000E+00  8.81214E+04
   100  8.38768E-05 -3.93597E+01 -3.93596E+01 -4.92619E-05  0.00000E+00  0.00000E+00  8.80116E+04
   101  8.60742E-05 -3.97157E+01 -3.97156E+01 -5.13426E-05  0.00000E+00  0.00000E+00  8.78979E+04
   102  8.83235E-05 -4.00404E+01 -4.00403E+01 -5.35477E-05  0.00000E+00  0.00000E+00  8.77804E+04
   103  9.06258E-05 -4.03334E+01 -4.03333E+01 -5.58853E-05  0.00000E+00  0.00000E+00  8.76590E+04
   104  9.29824E-05 -4.05949E+01 -4.05948E+01 -5.83632E-05  0.00000E+00  0.00000E+00  8.75336E+04
   105  9.53947E-05 -4.08255E+01 -4.08254E+01 -6.09892E-05  0.00000E+00  0.00000E+00  8.74044E+04
   106  9.78638E-05 -4.10264E+01 -4.10264E+01 -6.37710E-05  0.00000E+00  0.00000E+00  8.72714E+04
   107  1.00391E-04 -4.11994E+01 -4.11994E+01 -6.67156E-05  0.00000E+00  0.00000E+00  8.71345E+04
   108  1.02978E-04 -4.13465E+01 -4.13465E+01 -6.98300E-05  0.00000E+00  0.00000E+00  8.69939E+04
   109  1.05626E-04 -4.14701E+01 -4.14701E+01 -7.31209E-05  0.00000E+00  0.00000E+00  8.68497E+04
   110  1.08337E-04 -4.15728E+01 -4.15727E+01 -7.65945E-05  0.00000E+00  0.00000E+00  8.67019E+04
   111  1.11111E-04 -4.16570E+01 -4.16569E+01 -8.02573E-05  0.00000E+00  0.00000E+00  8.65508E+04
   112  1.13951E-04 -4.17254E+01 -4.17253E+01 -8.41156E-05  0.00000E+00  0.00000E+00  8.63964E+04
   113  1.16858E-04 -4.17804E+01 -4.17803E+01 -8.81758E-05  0.00000E+00  0.00000E+00  8.62389E+04
   114  1.19834E-04 -4.18240E+01 -4.18239E+01 -9.24447E-05  0.00000E+00  0.00000E+00  8.60784E+04
   115  1.22880E-04 -4.18583E+01 -4.18582E+01 -9.69293E-05  0.00000E+00  0.00000E+00  8.59151E+04
   116  1.25997E-04 -4.18850E+01 -4.18849E+01 -1.01637E-04  0.00000E+00  0.00000E+00  8.57490E+04
   117  1.29189E-04 -4.19056E+01 -4.19055E+01 -1.06576E-04  0.00000E+00  0.00000E+00  8.55804E+04
   118  1.32455E-04 -4.19212E+01 -4.19211E+01 -1.11755E-04  0.00000E+00  0.00000E+00  8.54093E+04
   119  1.35799E-04 -4.19329E+01 -4.19328E+01 -1.17183E-04  0.00000E+00  0.00000E+00  8.52357E+04
   120  1.39221E-04 -4.19416E+01 -4.19415E+01 -1.22869E-04  0.00000E+00  0.00000E+00  8.50599E+04
   121  1.42724E-04 -4.19479E+01 -4.19477E+01 -1.28825E-04  0.00000E+00  0.00000E+00  8.48820E+04
   122  1.46310E-04 -4.19523E+01 -4.19522E+01 -1.35060E-04  0.00000E+00  0.00000E+00  8.47019E+04
   123  1.49981E-04 -4.19554E+01 -4.19552E+01 -1.41588E-04  0.00000E+00  0.00000E+00  8.45198E+04
   124  1.53738E-04 -4.19574E+01 -4.19572E+01 -1.48419E-04  0.00000E+00  0.00000E+00  8.43358E+04
   125  1.57583E-04 -4.19585E+01 -4.19584E+01 -1.55568E-04  0.00000E+00  0.00000E+00  8.41500E+04
   126  1.61520E-04 -4.19591E+01 -4.19589E+01 -1.63047E-04  0.00000E+00  0.00000E+00  8.39624E+04
   127  1.65549E-04 -4.19592E+01 -4.19591E+01 -1.70872E-04  0.00000E+00  0.00000E+00  8.37731E+04
   128  1.69673E-04 -4.19590E+01 -4.19589E+01 -1.79057E-04  0.00000E+00  0.00000E+00  8.35822E+04
   129  1.73895E-04 -4.19586E+01 -4.19584E+01 -1.87618E-04  0.00000E+00  0.00000E+00  8.33897E+04
   130  1.78216E-04 -4.19579E+01 -4.19577E+01 -1.96573E-04  0.00000E+00  0.00000E+00  8.31957E+04
   131  1.82640E-04 -4.19572E+01 -4.19570E+01 -2.05937E-04  0.00000E+00  0.00000E+00  8.30003E+04
   132  1.87167E-04 -4.19563E+01 -4.19561E+01 -2.15730E-04  0.00000E+00  0.00000E+00  8.28034E+04
   133  1.91802E-04 -4.19553E+01 -4.19551E+01 -2.25971E-04  0.00000E+00  0.00000E+00  8.26053E+04
   134  1.96545E-04 -4.19543E+01 -4.19541E+01 -2.36679E-04  0.00000E+00  0.00000E+00  8.24058E+04
   135  2.01401E-04 -4.19533E+01 -4.19530E+01 -2.47875E-04  0.00000E+00  0.00000E+00  8.22051E+04
   136  2.06371E-04 -4.19521E+01 -4.19519E+01 -2.59581E-04  0.00000E+00  0.00000E+00  8.20031E+04
   137  2.11459E-04 -4.19510E+01 -4.19507E+01 -2.71820E-04  0.00000E+00  0.00000E+00  8.18000E+04
   138  2.16666E-04 -4.19498E+01 -4.19495E+01 -2.84615E-04  0.00000E+00  0.00000E+00  8.15957E+04
   139  2.21997E-04 -4.19486E+01 -4.19483E+01 -2.97990E-04  0.00000E+00  0.00000E+00  8.13903E+04
   140  2.27453E-04 -4.19473E+01 -4.19470E+01 -3.11973E-04  0.00000E+00  0.00000E+00  8.11839E+04
   141  2.33038E-04 -4.19460E+01 -4.19457E+01 -3.26588E-04  0.00000E+00  0.00000E+00  8.09764E+04
   142  2.38755E-04 -4.19447E+01 -4.19444E+01 -3.41865E-04  0.00000E+00  0.00000E+00  8.07678E+04
   143  2.44606E-04 -4.19434E+01 -4.19430E+01 -3.57832E-04  0.00000E+00  0.00000E+00  8.05582E+04
   144  2.50596E-04 -4.19420E+01 -4.19416E+01 -3.74521E-04  0.00000E+00  0.00000E+00  8.03477E+04
   145  2.56727E-04 -4.19406E+01 -4.19402E+01 -3.91962E-04  0.00000E+00  0.00000E+00  8.01362E+04
   146  2.63002E-04 -4.19392E+01 -4.19387E+01 -4.10189E-04  0.00000E+00  0.00000E+00  7.99237E+04
   147  2.69426E-04 -4.19377E+01 -4.19373E+01 -4.29237E-04  0.00000E+00  0.00000E+00  7.97103E+04
   148  2.76001E-04 -4.19362E+01 -4.19357E+01 -4.49142E-04  0.00000E+00  0.00000E+00  7.94960E+04
   149  2.82731E-04 -4.19346E+01 -4.19342E+01 -4.69940E-04  0.00000E+00  0.00000E+00  7.92807E+04
   150  2.89620E-04 -4.19330E+01 -4.19325E+01 -4.91673E-04  0.00000E+00  0.00000E+00  7.90645E+04
   151  2.96672E-04 -4.19314E+01 -4.19309E+01 -5.14379E-04  0.00000E+00  0.00000E+00  7.88475E+04
   152  3.03890E-04 -4.19298E+01 -4.19292E+01 -5.38102E-04  0.00000E+00  0.00000E+00  7.86295E+04
   153  3.11278E-04 -4.19281E+01 -4.19275E+01 -5.62887E-04  0.00000E+00  0.00000E+00  7.84107E+04
   154  3.18841E-04 -4.19263E+01 -4.19257E+01 -5.88779E-04  0.00000E+00  0.00000E+00  7.81910E+04
   155  3.26582E-04 -4.19246E+01 -4.19239E+01 -6.15827E-04  0.00000E+00  0.00000E+00  7.79703E+04
   156  3.34506E-04 -4.19227E+01 -4.19221E+01 -6.44081E-04  0.00000E+00  0.00000E+00  7.77488E+04
   157  3.42617E-04 -4.19209E+01 -4.19202E+01 -6.73593E-04  0.00000E+00  0.00000E+00  7.75265E+04
   158  3.50919E-04 -4.19190E+01 -4.19183E+01 -7.04419E-04  0.00000E+00  0.00000E+00  7.73032E+04
   159  3.59416E-04 -4.19170E+01 -4.19163E+01 -7.36614E-04  0.00000E+00  0.00000E+00  7.70790E+04
   160  3.68115E-04 -4.19150E+01 -4.19143E+01 -7.70239E-04  0.00000E+00  0.00000E+00  7.68540E+04
   161  3.77018E-04 -4.19130E+01 -4.19122E+01 -8.05354E-04  0.00000E+00  0.00000E+00  7.66280E+04
   162  3.86132E-04 -4.19109E+01 -4.19101E+01 -8.42025E-04  0.00000E+00  0.00000E+00  7.64011E+04
   163  3.95461E-04 -4.19088E+01 -4.19079E+01 -8.80317E-04  0.00000E+00  0.00000E+00  7.61734E+04
   164  4.05009E-04 -4.19066E+01 -4.19057E+01 -9.20302E-04  0.00000E+00  0.00000E+00  7.59447E+04
   165  4.14783E-04 -4.19044E+01 -4.19034E+01 -9.62051E-04  0.00000E+00  0.00000E+00  7.57150E+04
   166  4.24788E-04 -4.19021E+01 -4.19011E+01 -1.00564E-03  0.00000E+00  0.00000E+00  7.54844E+04
   167  4.35029E-04 -4.18997E+01 -4.18987E+01 -1.05115E-03  0.00000E+00  0.00000E+00  7.52529E+04
   168  4.45511E-04 -4.18973E+01 -4.18962E+01 -1.09866E-03  0.00000E+00  0.00000E+00  7.50203E+04
   169  4.56241E-04 -4.18949E+01 -4.18938E+01 -1.14825E-03  0.00000E+00  0.00000E+00  7.47868E+04
   170  4.67223E-04 -4.18924E+01 -4.18912E+01 -1.20002E-03  0.00000E+00  0.00000E+00  7.45523E+04
   171  4.78465E-04 -4.18898E+01 -4.18886E+01 -1.25406E-03  0.00000E+00  0.00000E+00  7.43168E+04
   172  4.89972E-04 -4.18872E+01 -4.18859E+01 -1.31045E-03  0.00000E+00  0.00000E+00  7.40802E+04
   173  5.01751E-04 -4.18845E+01 -4.18832E+01 -1.36932E-03  0.00000E+00  0.00000E+00  7.38426E+04
   174  5.13807E-04 -4.18818E+01 -4.18804E+01 -1.43075E-03  0.00000E+00  0.00000E+00  7.36039E+04
   175  5.26148E-04 -4.18790E+01 -4.18775E+01 -1.49485E-03  0.00000E+00  0.00000E+00  7.33641E+04
   176  5.38780E-04 -4.18761E+01 -4.18745E+01 -1.56174E-03  0.00000E+00  0.00000E+00  7.31232E+04
   177  5.51710E-04 -4.18732E+01 -4.18715E+01 -1.63154E-03  0.00000E+00  0.00000E+00  7.28812E+04
   178  5.64945E-04 -4.18702E+01 -4.18684E+01 -1.70436E-03  0.00000E+00  0.00000E+00  7.26381E+04
   179  5.78493E-04 -4.18671E+01 -4.18653E+01 -1.78034E-03  0.00000E+00  0.00000E+00  7.23937E+04
   180  5.92360E-04 -4.18639E+01 -4.18621E+01 -1.85960E-03  0.00000E+00  0.00000E+00  7.21482E+04
   181  6.06554E-04 -4.18607E+01 -4.18588E+01 -1.94228E-03  0.00000E+00  0.00000E+00  7.19015E+04
   182  6.21083E-04 -4.18574E+01 -4.18554E+01 -2.02852E-03  0.00000E+00  0.00000E+00  7.16535E+04
   183  6.35954E-04 -4.18540E+01 -4.18519E+01 -2.11848E-03  0.00000E+00  0.00000E+00  7.14042E+04
   184  6.51177E-04 -4.18506E+01 -4.18484E+01 -2.21229E-03  0.00000E+00  0.00000E+00  7.11537E+04
   185  6.66759E-04 -4.18471E+01 -4.18448E+01 -2.31013E-03  0.00000E+00  0.00000E+00  7.09018E+04
   186  6.82708E-04 -4.18435E+01 -4.18410E+01 -2.41215E-03  0.00000E+00  0.00000E+00  7.06486E+04
   187  6.99034E-04 -4.18398E+01 -4.18372E+01 -2.51854E-03  0.00000E+00  0.00000E+00  7.03940E+04
   188  7.15744E-04 -4.18360E+01 -4.18334E+01 -2.62945E-03  0.00000E+00  0.00000E+00  7.01380E+04
   189  7.32849E-04 -4.18321E+01 -4.18294E+01 -2.74509E-03  0.00000E+00  0.00000E+00  6.98806E+04
   190  7.50358E-04 -4.18282E+01 -4.18253E+01 -2.86565E-03  0.00000E+00  0.00000E+00  6.96217E+04
   191  7.68280E-04 -4.18241E+01 -4.18211E+01 -2.99131E-03  0.00000E+00  0.00000E+00  6.93614E+04
   192  7.86624E-04 -4.18200E+01 -4.18169E+01 -3.12229E-03  0.00000E+00  0.00000E+00  6.90995E+04
   193  8.05401E-04 -4.18158E+01 -4.18125E+01 -3.25880E-03  0.00000E+00  0.00000E+00  6.88361E+04
   194  8.24621E-04 -4.18114E+01 -4.18080E+01 -3.40106E-03  0.00000E+00  0.00000E+00  6.85711E+04
   195  8.44295E-04 -4.18070E+01 -4.18034E+01 -3.54931E-03  0.00000E+00  0.00000E+00  6.83045E+04
   196  8.64433E-04 -4.18025E+01 -4.17988E+01 -3.70377E-03  0.00000E+00  0.00000E+00  6.80362E+04
   197  8.85046E-04 -4.17978E+01 -4.17940E+01 -3.86471E-03  0.00000E+00  0.00000E+00  6.77663E+04
   198  9.06145E-04 -4.17931E+01 -4.17891E+01 -4.03236E-03  0.00000E+00  0.00000E+00  6.74946E+04
   199  9.27742E-04 -4.17882E+01 -4.17840E+01 -4.20700E-03  0.00000E+00  0.00000E+00  6.72212E+04
   200  9.49848E-04 -4.17833E+01 -4.17789E+01 -4.38890E-03  0.00000E+00  0.00000E+00  6.69460E+04
   201  9.72476E-04 -4.17782E+01 -4.17736E+01 -4.57834E-03  0.00000E+00  0.00000E+00  6.66691E+04
   202  9.95637E-04 -4.17730E+01 -4.17683E+01 -4.77562E-03  0.00000E+00  0.00000E+00  6.63902E+04
   203  1.01935E-03 -4.17677E+01 -4.17627E+01 -4.98104E-03  0.00000E+00  0.00000E+00  6.61095E+04
   204  1.04361E-03 -4.17623E+01 -4.17571E+01 -5.19492E-03  0.00000E+00  0.00000E+00  6.58269E+04
   205  1.06845E-03 -4.17568E+01 -4.17513E+01 -5.41757E-03  0.00000E+00  0.00000E+00  6.55423E+04
   206  1.09388E-03 -4.17511E+01 -4.17454E+01 -5.64933E-03  0.00000E+00  0.00000E+00  6.52557E+04
   207  1.11990E-03 -4.17453E+01 -4.17394E+01 -5.89055E-03  0.00000E+00  0.00000E+00  6.49670E+04
   208  1.14654E-03 -4.17393E+01 -4.17332E+01 -6.14159E-03  0.00000E+00  0.00000E+00  6.46763E+04
   209  1.17381E-03 -4.17333E+01 -4.17269E+01 -6.40281E-03  0.00000E+00  0.00000E+00  6.43835E+04
   210  1.20172E-03 -4.17270E+01 -4.17204E+01 -6.67460E-03  0.00000E+00  0.00000E+00  6.40886E+04
   211  1.23029E-03 -4.17207E+01 -4.17137E+01 -6.95734E-03  0.00000E+00  0.00000E+00  6.37915E+04
   212  1.25954E-03 -4.17142E+01 -4.17069E+01 -7.25145E-03  0.00000E+00  0.00000E+00  6.34921E+04
   213  1.28947E-03 -4.17075E+01 -4.17000E+01 -7.55734E-03  0.00000E+00  0.00000E+00  6.31905E+04
   214  1.32011E-03 -4.17008E+01 -4.16929E+01 -7.87545E-03  0.00000E+00  0.00000E+00  6.28865E+04
   215  1.35147E-03 -4.16938E+01 -4.16856E+01 -8.20621E-03  0.00000E+00  0.00000E+00  6.25803E+04
   216  1.38358E-03 -4.16867E+01 -4.16781E+01 -8.55008E-03  0.00000E+00  0.00000E+00  6.22716E+04
   217  1.41643E-03 -4.16794E+01 -4.16705E+01 -8.90753E-03  0.00000E+00  0.00000E+00  6.19605E+04
   218  1.45007E-03 -4.16720E+01 -4.16627E+01 -9.27905E-03  0.00000E+00  0.00000E+00  6.16470E+04
   219  1.48450E-03 -4.16644E+01 -4.16547E+01 -9.66513E-03  0.00000E+00  0.00000E+00  6.13309E+04
   220  1.51974E-03 -4.16566E+01 -4.16466E+01 -1.00663E-02  0.00000E+00  0.00000E+00  6.10124E+04
   221  1.55581E-03 -4.16487E+01 -4.16382E+01 -1.04830E-02  0.00000E+00  0.00000E+00  6.06912E+04
   222  1.59273E-03 -4.16405E+01 -4.16296E+01 -1.09159E-02  0.00000E+00  0.00000E+00  6.03674E+04
   223  1.63053E-03 -4.16322E+01 -4.16209E+01 -1.13655E-02  0.00000E+00  0.00000E+00  6.00409E+04
   224  1.66921E-03 -4.16237E+01 -4.16119E+01 -1.18323E-02  0.00000E+00  0.00000E+00  5.97118E+04
   225  1.70881E-03 -4.16150E+01 -4.16027E+01 -1.23170E-02  0.00000E+00  0.00000E+00  5.93798E+04
   226  1.74934E-03 -4.16061E+01 -4.15933E+01 -1.28201E-02  0.00000E+00  0.00000E+00  5.90451E+04
   227  1.79083E-03 -4.15971E+01 -4.15837E+01 -1.33422E-02  0.00000E+00  0.00000E+00  5.87076E+04
   228  1.83329E-03 -4.15878E+01 -4.15739E+01 -1.38840E-02  0.00000E+00  0.00000E+00  5.83672E+04
   229  1.87676E-03 -4.15783E+01 -4.15638E+01 -1.44461E-02  0.00000E+00  0.00000E+00  5.80239E+04
   230  1.92126E-03 -4.15686E+01 -4.15535E+01 -1.50292E-02  0.00000E+00  0.00000E+00  5.76777E+04
   231  1.96680E-03 -4.15586E+01 -4.15430E+01 -1.56338E-02  0.00000E+00  0.00000E+00  5.73284E+04
   232  2.01341E-03 -4.15485E+01 -4.15322E+01 -1.62608E-02  0.00000E+00  0.00000E+00  5.69762E+04
   233  2.06113E-03 -4.15381E+01 -4.15212E+01 -1.69107E-02  0.00000E+00  0.00000E+00  5.66209E+04
   234  2.10997E-03 -4.15275E+01 -4.15099E+01 -1.75843E-02  0.00000E+00  0.00000E+00  5.62625E+04
   235  2.15997E-03 -4.15166E+01 -4.14983E+01 -1.82823E-02  0.00000E+00  0.00000E+00  5.59009E+04
   236  2.21114E-03 -4.15055E+01 -4.14865E+01 -1.90054E-02  0.00000E+00  0.00000E+00  5.55362E+04
   237  2.26352E-03 -4.14942E+01 -4.14744E+01 -1.97543E-02  0.00000E+00  0.00000E+00  5.51683E+04
   238  2.31714E-03 -4.14825E+01 -4.14620E+01 -2.05299E-02  0.00000E+00  0.00000E+00  5.47971E+04
   239  2.37202E-03 -4.14707E+01 -4.14494E+01 -2.13328E-02  0.00000E+00  0.00000E+00  5.44227E+04
   240  2.42819E-03 -4.14586E+01 -4.14364E+01 -2.21638E-02  0.00000E+00  0.00000E+00  5.40449E+04
   241  2.48569E-03 -4.14462E+01 -4.14231E+01 -2.30237E-02  0.00000E+00  0.00000E+00  5.36638E+04
   242  2.54455E-03 -4.14335E+01 -4.14096E+01 -2.39132E-02  0.00000E+00  0.00000E+00  5.32794E+04
   243  2.60479E-03 -4.14205E+01 -4.13957E+01 -2.48332E-02  0.00000E+00  0.00000E+00  5.28915E+04
   244  2.66646E-03 -4.14073E+01 -4.13815E+01 -2.57844E-02  0.00000E+00  0.00000E+00  5.25002E+04
   245  2.72958E-03 -4.13937E+01 -4.13670E+01 -2.67676E-02  0.00000E+00  0.00000E+00  5.21054E+04
   246  2.79419E-03 -4.13799E+01 -4.13521E+01 -2.77837E-02  0.00000E+00  0.00000E+00  5.17072E+04
   247  2.86032E-03 -4.13657E+01 -4.13369E+01 -2.88333E-02  0.00000E+00  0.00000E+00  5.13054E+04
   248  2.92801E-03 -4.13512E+01 -4.13213E+01 -2.99173E-02  0.00000E+00  0.00000E+00  5.09001E+04
   249  2.99730E-03 -4.13364E+01 -4.13054E+01 -3.10365E-02  0.00000E+00  0.00000E+00  5.04913E+04
   250  3.06822E-03 -4.13213E+01 -4.12891E+01 -3.21917E-02  0.00000E+00  0.00000E+00  5.00789E+04
   251  3.14082E-03 -4.13059E+01 -4.12725E+01 -3.33836E-02  0.00000E+00  0.00000E+00  4.96629E+04
   252  3.21512E-03 -4.12900E+01 -4.12554E+01 -3.46130E-02  0.00000E+00  0.00000E+00  4.92433E+04
   253  3.29118E-03 -4.12739E+01 -4.12380E+01 -3.58806E-02  0.00000E+00  0.00000E+00  4.88200E+04
   254  3.36904E-03 -4.12574E+01 -4.12202E+01 -3.71872E-02  0.00000E+00  0.00000E+00  4.83931E+04
   255  3.44872E-03 -4.12405E+01 -4.12019E+01 -3.85335E-02  0.00000E+00  0.00000E+00  4.79626E+04
   256  3.53029E-03 -4.12232E+01 -4.11833E+01 -3.99202E-02  0.00000E+00  0.00000E+00  4.75285E+04
   257  3.61379E-03 -4.12056E+01 -4.11642E+01 -4.13479E-02  0.00000E+00  0.00000E+00  4.70906E+04
   258  3.69925E-03 -4.11875E+01 -4.11447E+01 -4.28174E-02  0.00000E+00  0.00000E+00  4.66492E+04
   259  3.78672E-03 -4.11691E+01 -4.11247E+01 -4.43293E-02  0.00000E+00  0.00000E+00  4.62040E+04
   260  3.87626E-03 -4.11502E+01 -4.11043E+01 -4.58840E-02  0.00000E+00  0.00000E+00  4.57552E+04
   261  3.96791E-03 -4.11309E+01 -4.10835E+01 -4.74822E-02  0.00000E+00  0.00000E+00  4.53028E+04
   262  4.06172E-03 -4.11112E+01 -4.10621E+01 -4.91245E-02  0.00000E+00  0.00000E+00  4.48467E+04
   263  4.15775E-03 -4.10911E+01 -4.10403E+01 -5.08111E-02  0.00000E+00  0.00000E+00  4.43871E+04
   264  4.25604E-03 -4.10705E+01 -4.10180E+01 -5.25426E-02  0.00000E+00  0.00000E+00  4.39238E+04
   265  4.35664E-03 -4.10495E+01 -4.09952E+01 -5.43194E-02  0.00000E+00  0.00000E+00  4.34569E+04
   266  4.45962E-03 -4.10280E+01 -4.09718E+01 -5.61417E-02  0.00000E+00  0.00000E+00  4.29864E+04
   267  4.56503E-03 -4.10060E+01 -4.09480E+01 -5.80097E-02  0.00000E+00  0.00000E+00  4.25125E+04
   268  4.67292E-03 -4.09835E+01 -4.09236E+01 -5.99237E-02  0.00000E+00  0.00000E+00  4.20350E+04
   269  4.78335E-03 -4.09605E+01 -4.08986E+01 -6.18838E-02  0.00000E+00  0.00000E+00  4.15540E+04
   270  4.89639E-03 -4.09370E+01 -4.08731E+01 -6.38898E-02  0.00000E+00  0.00000E+00  4.10696E+04
   271  5.01210E-03 -4.09130E+01 -4.08471E+01 -6.59419E-02  0.00000E+00  0.00000E+00  4.05819E+04
   272  5.13053E-03 -4.08885E+01 -4.08204E+01 -6.80399E-02  0.00000E+00  0.00000E+00  4.00908E+04
   273  5.25176E-03 -4.08634E+01 -4.07932E+01 -7.01835E-02  0.00000E+00  0.00000E+00  3.95964E+04
   274  5.37584E-03 -4.08377E+01 -4.07654E+01 -7.23723E-02  0.00000E+00  0.00000E+00  3.90988E+04
   275  5.50285E-03 -4.08115E+01 -4.07369E+01 -7.46059E-02  0.00000E+00  0.00000E+00  3.85980E+04
   276  5.63285E-03 -4.07847E+01 -4.07079E+01 -7.68838E-02  0.00000E+00  0.00000E+00  3.80941E+04
   277  5.76592E-03 -4.07573E+01 -4.06781E+01 -7.92053E-02  0.00000E+00  0.00000E+00  3.75873E+04
   278  5.90212E-03 -4.07293E+01 -4.06478E+01 -8.15695E-02  0.00000E+00  0.00000E+00  3.70774E+04
   279  6.04154E-03 -4.07007E+01 -4.06168E+01 -8.39755E-02  0.00000E+00  0.00000E+00  3.65647E+04
   280  6.18424E-03 -4.06715E+01 -4.05851E+01 -8.64224E-02  0.00000E+00  0.00000E+00  3.60493E+04
   281  6.33031E-03 -4.06416E+01 -4.05527E+01 -8.89087E-02  0.00000E+00  0.00000E+00  3.55311E+04
   282  6.47982E-03 -4.06110E+01 -4.05196E+01 -9.14333E-02  0.00000E+00  0.00000E+00  3.50104E+04
   283  6.63285E-03 -4.05798E+01 -4.04858E+01 -9.39945E-02  0.00000E+00  0.00000E+00  3.44872E+04
   284  6.78949E-03 -4.05478E+01 -4.04512E+01 -9.65908E-02  0.00000E+00  0.00000E+00  3.39617E+04
   285  6.94983E-03 -4.05152E+01 -4.04160E+01 -9.92202E-02  0.00000E+00  0.00000E+00  3.34339E+04
   286  7.11394E-03 -4.04818E+01 -4.03799E+01 -1.01881E-01  0.00000E+00  0.00000E+00  3.29040E+04
   287  7.28192E-03 -4.04477E+01 -4.03431E+01 -1.04570E-01  0.00000E+00  0.00000E+00  3.23721E+04
   288  7.45386E-03 -4.04129E+01 -4.03056E+01 -1.07287E-01  0.00000E+00  0.00000E+00  3.18384E+04
   289  7.62986E-03 -4.03772E+01 -4.02672E+01 -1.10027E-01  0.00000E+00  0.00000E+00  3.13030E+04
   290  7.81000E-03 -4.03408E+01 -4.02280E+01 -1.12789E-01  0.00000E+00  0.00000E+00  3.07660E+04
   291  7.99438E-03 -4.03036E+01 -4.01880E+01 -1.15569E-01  0.00000E+00  0.00000E+00  3.02277E+04
   292  8.18312E-03 -4.02656E+01 -4.01472E+01 -1.18364E-01  0.00000E+00  0.00000E+00  2.96880E+04
   293  8.37630E-03 -4.02267E+01 -4.01055E+01 -1.21172E-01  0.00000E+00  0.00000E+00  2.91474E+04
   294  8.57403E-03 -4.01870E+01 -4.00630E+01 -1.23988E-01  0.00000E+00  0.00000E+00  2.86058E+04
   295  8.77642E-03 -4.01464E+01 -4.00195E+01 -1.26809E-01  0.00000E+00  0.00000E+00  2.80636E+04
   296  8.98358E-03 -4.01049E+01 -3.99752E+01 -1.29630E-01  0.00000E+00  0.00000E+00  2.75208E+04
   297  9.19563E-03 -4.00625E+01 -3.99300E+01 -1.32449E-01  0.00000E+00  0.00000E+00  2.69777E+04
   298  9.41266E-03 -4.00191E+01 -3.98839E+01 -1.35260E-01  0.00000E+00  0.00000E+00  2.64345E+04
   299  9.63482E-03 -3.99748E+01 -3.98368E+01 -1.38060E-01  0.00000E+00  0.00000E+00  2.58914E+04
   300  9.86221E-03 -3.99296E+01 -3.97888E+01 -1.40843E-01  0.00000E+00  0.00000E+00  2.53485E+04
   301  1.00950E-02 -3.98834E+01 -3.97398E+01 -1.43604E-01  0.00000E+00  0.00000E+00  2.48062E+04
   302  1.03332E-02 -3.98361E+01 -3.96898E+01 -1.46339E-01  0.00000E+00  0.00000E+00  2.42647E+04
   303  1.05770E-02 -3.97879E+01 -3.96388E+01 -1.49043E-01  0.00000E+00  0.00000E+00  2.37241E+04
   304  1.08266E-02 -3.97386E+01 -3.95869E+01 -1.51709E-01  0.00000E+00  0.00000E+00  2.31848E+04
   305  1.10821E-02 -3.96882E+01 -3.95339E+01 -1.54333E-01  0.00000E+00  0.00000E+00  2.26469E+04
   306  1.13436E-02 -3.96368E+01 -3.94799E+01 -1.56909E-01  0.00000E+00  0.00000E+00  2.21107E+04
   307  1.16112E-02 -3.95842E+01 -3.94248E+01 -1.59432E-01  0.00000E+00  0.00000E+00  2.15764E+04
   308  1.18852E-02 -3.95306E+01 -3.93687E+01 -1.61894E-01  0.00000E+00  0.00000E+00  2.10444E+04
   309  1.21656E-02 -3.94757E+01 -3.93115E+01 -1.64292E-01  0.00000E+00  0.00000E+00  2.05149E+04
   310  1.24526E-02 -3.94198E+01 -3.92531E+01 -1.66617E-01  0.00000E+00  0.00000E+00  1.99881E+04
   311  1.27463E-02 -3.93626E+01 -3.91937E+01 -1.68865E-01  0.00000E+00  0.00000E+00  1.94643E+04
   312  1.30470E-02 -3.93042E+01 -3.91332E+01 -1.71029E-01  0.00000E+00  0.00000E+00  1.89438E+04
   313  1.33548E-02 -3.92446E+01 -3.90715E+01 -1.73103E-01  0.00000E+00  0.00000E+00  1.84268E+04
   314  1.36698E-02 -3.91838E+01 -3.90087E+01 -1.75082E-01  0.00000E+00  0.00000E+00  1.79137E+04
   315  1.39922E-02 -3.91217E+01 -3.89447E+01 -1.76958E-01  0.00000E+00  0.00000E+00  1.74047E+04
   316  1.43222E-02 -3.90583E+01 -3.88796E+01 -1.78726E-01  0.00000E+00  0.00000E+00  1.69000E+04
   317  1.46600E-02 -3.89936E+01 -3.88132E+01 -1.80380E-01  0.00000E+00  0.00000E+00  1.64001E+04
   318  1.50058E-02 -3.89276E+01 -3.87457E+01 -1.81915E-01  0.00000E+00  0.00000E+00  1.59050E+04
   319  1.53597E-02 -3.88602E+01 -3.86769E+01 -1.83325E-01  0.00000E+00  0.00000E+00  1.54152E+04
   320  1.57219E-02 -3.87915E+01 -3.86069E+01 -1.84603E-01  0.00000E+00  0.00000E+00  1.49309E+04
   321  1.60926E-02 -3.87214E+01 -3.85357E+01 -1.85746E-01  0.00000E+00  0.00000E+00  1.44524E+04
   322  1.64721E-02 -3.86499E+01 -3.84631E+01 -1.86748E-01  0.00000E+00  0.00000E+00  1.39799E+04
   323  1.68605E-02 -3.85770E+01 -3.83894E+01 -1.87605E-01  0.00000E+00  0.00000E+00  1.35138E+04
   324  1.72581E-02 -3.85026E+01 -3.83143E+01 -1.88312E-01  0.00000E+00  0.00000E+00  1.30542E+04
   325  1.76650E-02 -3.84268E+01 -3.82379E+01 -1.88866E-01  0.00000E+00  0.00000E+00  1.26015E+04
   326  1.80815E-02 -3.83495E+01 -3.81602E+01 -1.89262E-01  0.00000E+00  0.00000E+00  1.21559E+04
   327  1.85078E-02 -3.82707E+01 -3.80812E+01 -1.89499E-01  0.00000E+00  0.00000E+00  1.17177E+04
   328  1.89441E-02 -3.81904E+01 -3.80008E+01 -1.89573E-01  0.00000E+00  0.00000E+00  1.12870E+04
   329  1.93907E-02 -3.81085E+01 -3.79190E+01 -1.89481E-01  0.00000E+00  0.00000E+00  1.08642E+04
   330  1.98477E-02 -3.80251E+01 -3.78359E+01 -1.89224E-01  0.00000E+00  0.00000E+00  1.04495E+04
   331  2.03156E-02 -3.79402E+01 -3.77514E+01 -1.88799E-01  0.00000E+00  0.00000E+00  1.00431E+04
   332  2.07944E-02 -3.78537E+01 -3.76655E+01 -1.88207E-01  0.00000E+00  0.00000E+00  9.64515E+03
   333  2.12846E-02 -3.77656E+01 -3.75782E+01 -1.87448E-01  0.00000E+00  0.00000E+00  9.25591E+03
   334  2.17862E-02 -3.76759E+01 -3.74894E+01 -1.86522E-01  0.00000E+00  0.00000E+00  8.87556E+03
   335  2.22997E-02 -3.75846E+01 -3.73991E+01 -1.85431E-01  0.00000E+00  0.00000E+00  8.50428E+03
   336  2.28252E-02 -3.74916E+01 -3.73074E+01 -1.84179E-01  0.00000E+00  0.00000E+00  8.14222E+03
   337  2.33631E-02 -3.73970E+01 -3.72142E+01 -1.82767E-01  0.00000E+00  0.00000E+00  7.78954E+03
   338  2.39136E-02 -3.73007E+01 -3.71195E+01 -1.81200E-01  0.00000E+00  0.00000E+00  7.44636E+03
   339  2.44771E-02 -3.72028E+01 -3.70233E+01 -1.79482E-01  0.00000E+00  0.00000E+00  7.11282E+03
   340  2.50538E-02 -3.71032E+01 -3.69255E+01 -1.77618E-01  0.00000E+00  0.00000E+00  6.78902E+03
   341  2.56441E-02 -3.70018E+01 -3.68262E+01 -1.75616E-01  0.00000E+00  0.00000E+00  6.47504E+03
   342  2.62482E-02 -3.68988E+01 -3.67253E+01 -1.73481E-01  0.00000E+00  0.00000E+00  6.17096E+03
   343  2.68666E-02 -3.67940E+01 -3.66228E+01 -1.71220E-01  0.00000E+00  0.00000E+00  5.87684E+03
   344  2.74995E-02 -3.66875E+01 -3.65186E+01 -1.68844E-01  0.00000E+00  0.00000E+00  5.59271E+03
   345  2.81473E-02 -3.65792E+01 -3.64129E+01 -1.66359E-01  0.00000E+00  0.00000E+00  5.31859E+03
   346  2.88103E-02 -3.64692E+01 -3.63054E+01 -1.63776E-01  0.00000E+00  0.00000E+00  5.05448E+03
   347  2.94888E-02 -3.63574E+01 -3.61963E+01 -1.61104E-01  0.00000E+00  0.00000E+00  4.80038E+03
   348  3.01834E-02 -3.62437E+01 -3.60854E+01 -1.58356E-01  0.00000E+00  0.00000E+00  4.55624E+03
   349  3.08942E-02 -3.61283E+01 -3.59728E+01 -1.55541E-01  0.00000E+00  0.00000E+00  4.32202E+03
   350  3.16217E-02 -3.60111E+01 -3.58584E+01 -1.52671E-01  0.00000E+00  0.00000E+00  4.09764E+03
   351  3.23663E-02 -3.58920E+01 -3.57422E+01 -1.49760E-01  0.00000E+00  0.00000E+00  3.88301E+03
   352  3.31285E-02 -3.57711E+01 -3.56243E+01 -1.46818E-01  0.00000E+00  0.00000E+00  3.67802E+03
   353  3.39085E-02 -3.56483E+01 -3.55044E+01 -1.43858E-01  0.00000E+00  0.00000E+00  3.48255E+03
   354  3.47068E-02 -3.55236E+01 -3.53827E+01 -1.40894E-01  0.00000E+00  0.00000E+00  3.29645E+03
   355  3.55239E-02 -3.53970E+01 -3.52591E+01 -1.37938E-01  0.00000E+00  0.00000E+00  3.11956E+03
   356  3.63601E-02 -3.52685E+01 -3.51335E+01 -1.35004E-01  0.00000E+00  0.00000E+00  2.95171E+03
   357  3.72160E-02 -3.51381E+01 -3.50060E+01 -1.32103E-01  0.00000E+00  0.00000E+00  2.79269E+03
   358  3.80919E-02 -3.50057E+01 -3.48764E+01 -1.29248E-01  0.00000E+00  0.00000E+00  2.64230E+03
   359  3.89885E-02 -3.48713E+01 -3.47448E+01 -1.26451E-01  0.00000E+00  0.00000E+00  2.50032E+03
   360  3.99060E-02 -3.47349E+01 -3.46112E+01 -1.23725E-01  0.00000E+00  0.00000E+00  2.36649E+03
   361  4.08451E-02 -3.45965E+01 -3.44755E+01 -1.21081E-01  0.00000E+00  0.00000E+00  2.24058E+03
   362  4.18062E-02 -3.44561E+01 -3.43376E+01 -1.18528E-01  0.00000E+00  0.00000E+00  2.12232E+03
   363  4.27899E-02 -3.43136E+01 -3.41975E+01 -1.16078E-01  0.00000E+00  0.00000E+00  2.01143E+03
   364  4.37966E-02 -3.41690E+01 -3.40553E+01 -1.13738E-01  0.00000E+00  0.00000E+00  1.90762E+03
   365  4.48269E-02 -3.40223E+01 -3.39108E+01 -1.11518E-01  0.00000E+00  0.00000E+00  1.81061E+03
   366  4.58814E-02 -3.38735E+01 -3.37640E+01 -1.09425E-01  0.00000E+00  0.00000E+00  1.72008E+03
   367  4.69606E-02 -3.37225E+01 -3.36150E+01 -1.07465E-01  0.00000E+00  0.00000E+00  1.63575E+03
   368  4.80651E-02 -3.35693E+01 -3.34636E+01 -1.05642E-01  0.00000E+00  0.00000E+00  1.55728E+03
   369  4.91955E-02 -3.34139E+01 -3.33099E+01 -1.03961E-01  0.00000E+00  0.00000E+00  1.48437E+03
   370  5.03524E-02 -3.32562E+01 -3.31538E+01 -1.02424E-01  0.00000E+00  0.00000E+00  1.41669E+03
   371  5.15364E-02 -3.30963E+01 -3.29952E+01 -1.01033E-01  0.00000E+00  0.00000E+00  1.35394E+03
   372  5.27481E-02 -3.29340E+01 -3.28343E+01 -9.97874E-02  0.00000E+00  0.00000E+00  1.29579E+03
   373  5.39881E-02 -3.27695E+01 -3.26708E+01 -9.86855E-02  0.00000E+00  0.00000E+00  1.24193E+03
   374  5.52573E-02 -3.26026E+01 -3.25049E+01 -9.77247E-02  0.00000E+00  0.00000E+00  1.19205E+03
   375  5.65561E-02 -3.24334E+01 -3.23365E+01 -9.69008E-02  0.00000E+00  0.00000E+00  1.14583E+03
   376  5.78853E-02 -3.22617E+01 -3.21655E+01 -9.62084E-02  0.00000E+00  0.00000E+00  1.10298E+03
   377  5.92457E-02 -3.20877E+01 -3.19920E+01 -9.56405E-02  0.00000E+00  0.00000E+00  1.06321E+03
   378  6.06378E-02 -3.19112E+01 -3.18160E+01 -9.51891E-02  0.00000E+00  0.00000E+00  1.02623E+03
   379  6.20625E-02 -3.17323E+01 -3.16374E+01 -9.48449E-02  0.00000E+00  0.00000E+00  9.91767E+02
   380  6.35206E-02 -3.15509E+01 -3.14563E+01 -9.45976E-02  0.00000E+00  0.00000E+00  9.59558E+02
   381  6.50127E-02 -3.13671E+01 -3.12726E+01 -9.44357E-02  0.00000E+00  0.00000E+00  9.29351E+02
   382  6.65398E-02 -3.11807E+01 -3.10864E+01 -9.43468E-02  0.00000E+00  0.00000E+00  9.00908E+02
   383  6.81025E-02 -3.09920E+01 -3.08976E+01 -9.43179E-02  0.00000E+00  0.00000E+00  8.74003E+02
   384  6.97017E-02 -3.08007E+01 -3.07064E+01 -9.43351E-02  0.00000E+00  0.00000E+00  8.48426E+02
   385  7.13383E-02 -3.06070E+01 -3.05126E+01 -9.43842E-02  0.00000E+00  0.00000E+00  8.23980E+02
   386  7.30131E-02 -3.04108E+01 -3.03163E+01 -9.44504E-02  0.00000E+00  0.00000E+00  8.00485E+02
   387  7.47271E-02 -3.02122E+01 -3.01176E+01 -9.45189E-02  0.00000E+00  0.00000E+00  7.77775E+02
   388  7.64810E-02 -3.00111E+01 -2.99165E+01 -9.45746E-02  0.00000E+00  0.00000E+00  7.55702E+02
   389  7.82759E-02 -2.98076E+01 -2.97130E+01 -9.46027E-02  0.00000E+00  0.00000E+00  7.34132E+02
   390  8.01127E-02 -2.96018E+01 -2.95072E+01 -9.45886E-02  0.00000E+00  0.00000E+00  7.12946E+02
   391  8.19923E-02 -2.93936E+01 -2.92990E+01 -9.45183E-02  0.00000E+00  0.00000E+00  6.92045E+02
   392  8.39158E-02 -2.91830E+01 -2.90887E+01 -9.43783E-02  0.00000E+00  0.00000E+00  6.71341E+02
   393  8.58841E-02 -2.89702E+01 -2.88761E+01 -9.41558E-02  0.00000E+00  0.00000E+00  6.50762E+02
   394  8.78983E-02 -2.87552E+01 -2.86614E+01 -9.38391E-02  0.00000E+00  0.00000E+00  6.30253E+02
   395  8.99594E-02 -2.85380E+01 -2.84446E+01 -9.34175E-02  0.00000E+00  0.00000E+00  6.09771E+02
   396  9.20685E-02 -2.83186E+01 -2.82258E+01 -9.28817E-02  0.00000E+00  0.00000E+00  5.89286E+02
   397  9.42268E-02 -2.80972E+01 -2.80050E+01 -9.22235E-02  0.00000E+00  0.00000E+00  5.68781E+02
   398  9.64353E-02 -2.78738E+01 -2.77823E+01 -9.14364E-02  0.00000E+00  0.00000E+00  5.48252E+02
   399  9.86952E-02 -2.76484E+01 -2.75578E+01 -9.05153E-02  0.00000E+00  0.00000E+00  5.27703E+02
   400  1.01008E-01 -2.74210E+01 -2.73316E+01 -8.94569E-02  0.00000E+00  0.00000E+00  5.07150E+02
   401  1.03374E-01 -2.71919E+01 -2.71036E+01 -8.82594E-02  0.00000E+00  0.00000E+00  4.86616E+02
   402  1.05795E-01 -2.69610E+01 -2.68740E+01 -8.69228E-02  0.00000E+00  0.00000E+00  4.66133E+02
   403  1.08273E-01 -2.67283E+01 -2.66429E+01 -8.54490E-02  0.00000E+00  0.00000E+00  4.45739E+02
   404  1.10808E-01 -2.64940E+01 -2.64102E+01 -8.38414E-02  0.00000E+00  0.00000E+00  4.25478E+02
   405  1.13402E-01 -2.62581E+01 -2.61760E+01 -8.21053E-02  0.00000E+00  0.00000E+00  4.05396E+02
   406  1.16056E-01 -2.60207E+01 -2.59404E+01 -8.02474E-02  0.00000E+00  0.00000E+00  3.85545E+02
   407  1.18772E-01 -2.57818E+01 -2.57035E+01 -7.82762E-02  0.00000E+00  0.00000E+00  3.65978E+02
   408  1.21551E-01 -2.55414E+01 -2.54652E+01 -7.62015E-02  0.00000E+00  0.00000E+00  3.46747E+02
   409  1.24394E-01 -2.52997E+01 -2.52257E+01 -7.40345E-02  0.00000E+00  0.00000E+00  3.27908E+02
   410  1.27304E-01 -2.50567E+01 -2.49849E+01 -7.17875E-02  0.00000E+00  0.00000E+00  3.09513E+02
   411  1.30280E-01 -2.48123E+01 -2.47428E+01 -6.94741E-02  0.00000E+00  0.00000E+00  2.91613E+02
   412  1.33326E-01 -2.45666E+01 -2.44995E+01 -6.71084E-02  0.00000E+00  0.00000E+00  2.74256E+02
   413  1.36442E-01 -2.43197E+01 -2.42550E+01 -6.47054E-02  0.00000E+00  0.00000E+00  2.57488E+02
   414  1.39630E-01 -2.40715E+01 -2.40092E+01 -6.22805E-02  0.00000E+00  0.00000E+00  2.41349E+02
   415  1.42892E-01 -2.38221E+01 -2.37623E+01 -5.98494E-02  0.00000E+00  0.00000E+00  2.25876E+02
   416  1.46230E-01 -2.35715E+01 -2.35140E+01 -5.74276E-02  0.00000E+00  0.00000E+00  2.11099E+02
   417  1.49645E-01 -2.33196E+01 -2.32645E+01 -5.50307E-02  0.00000E+00  0.00000E+00  1.97045E+02
   418  1.53138E-01 -2.30664E+01 -2.30138E+01 -5.26738E-02  0.00000E+00  0.00000E+00  1.83733E+02
   419  1.56712E-01 -2.28120E+01 -2.27617E+01 -5.03715E-02  0.00000E+00  0.00000E+00  1.71178E+02
   420  1.60369E-01 -2.25563E+01 -2.25082E+01 -4.81373E-02  0.00000E+00  0.00000E+00  1.59386E+02
   421  1.64110E-01 -2.22993E+01 -2.22533E+01 -4.59842E-02  0.00000E+00  0.00000E+00  1.48360E+02
   422  1.67937E-01 -2.20409E+01 -2.19970E+01 -4.39235E-02  0.00000E+00  0.00000E+00  1.38096E+02
   423  1.71852E-01 -2.17812E+01 -2.17392E+01 -4.19656E-02  0.00000E+00  0.00000E+00  1.28585E+02
   424  1.75858E-01 -2.15200E+01 -2.14799E+01 -4.01191E-02  0.00000E+00  0.00000E+00  1.19810E+02
   425  1.79956E-01 -2.12574E+01 -2.12190E+01 -3.83914E-02  0.00000E+00  0.00000E+00  1.11751E+02
   426  1.84148E-01 -2.09932E+01 -2.09564E+01 -3.67879E-02  0.00000E+00  0.00000E+00  1.04383E+02
   427  1.88436E-01 -2.07276E+01 -2.06923E+01 -3.53125E-02  0.00000E+00  0.00000E+00  9.76780E+01
   428  1.92823E-01 -2.04604E+01 -2.04264E+01 -3.39672E-02  0.00000E+00  0.00000E+00  9.16012E+01
   429  1.97311E-01 -2.01917E+01 -2.01589E+01 -3.27525E-02  0.00000E+00  0.00000E+00  8.61169E+01
   430  2.01901E-01 -1.99214E+01 -1.98897E+01 -3.16668E-02  0.00000E+00  0.00000E+00  8.11863E+01
   431  2.06597E-01 -1.96495E+01 -1.96188E+01 -3.07072E-02  0.00000E+00  0.00000E+00  7.67682E+01
   432  2.11401E-01 -1.93762E+01 -1.93463E+01 -2.98689E-02  0.00000E+00  0.00000E+00  7.28204E+01
   433  2.16315E-01 -1.91013E+01 -1.90721E+01 -2.91459E-02  0.00000E+00  0.00000E+00  6.92998E+01
   434  2.21341E-01 -1.88249E+01 -1.87964E+01 -2.85306E-02  0.00000E+00  0.00000E+00  6.61629E+01
   435  2.26482E-01 -1.85472E+01 -1.85192E+01 -2.80143E-02  0.00000E+00  0.00000E+00  6.33666E+01
   436  2.31740E-01 -1.82681E+01 -1.82405E+01 -2.75873E-02  0.00000E+00  0.00000E+00  6.08687E+01
   437  2.37119E-01 -1.79878E+01 -1.79606E+01 -2.72389E-02  0.00000E+00  0.00000E+00  5.86283E+01
   438  2.42620E-01 -1.77065E+01 -1.76795E+01 -2.69580E-02  0.00000E+00  0.00000E+00  5.66062E+01
   439  2.48247E-01 -1.74241E+01 -1.73974E+01 -2.67329E-02  0.00000E+00  0.00000E+00  5.47654E+01
   440  2.54002E-01 -1.71410E+01 -1.71145E+01 -2.65515E-02  0.00000E+00  0.00000E+00  5.30715E+01
   441  2.59888E-01 -1.68573E+01 -1.68309E+01 -2.64020E-02  0.00000E+00  0.00000E+00  5.14927E+01
   442  2.65907E-01 -1.65732E+01 -1.65469E+01 -2.62725E-02  0.00000E+00  0.00000E+00  5.00003E+01
   443  2.72064E-01 -1.62889E+01 -1.62628E+01 -2.61515E-02  0.00000E+00  0.00000E+00  4.85687E+01
   444  2.78361E-01 -1.60047E+01 -1.59786E+01 -2.60282E-02  0.00000E+00  0.00000E+00  4.71755E+01
   445  2.84800E-01 -1.57207E+01 -1.56948E+01 -2.58924E-02  0.00000E+00  0.00000E+00  4.58017E+01
   446  2.91385E-01 -1.54374E+01 -1.54116E+01 -2.57346E-02  0.00000E+00  0.00000E+00  4.44315E+01
   447  2.98120E-01 -1.51548E+01 -1.51293E+01 -2.55466E-02  0.00000E+00  0.00000E+00  4.30520E+01
   448  3.05007E-01 -1.48735E+01 -1.48481E+01 -2.53210E-02  0.00000E+00  0.00000E+00  4.16536E+01
   449  3.12049E-01 -1.45935E+01 -1.45685E+01 -2.50518E-02  0.00000E+00  0.00000E+00  4.02297E+01
   450  3.19251E-01 -1.43153E+01 -1.42906E+01 -2.47341E-02  0.00000E+00  0.00000E+00  3.87760E+01
   451  3.26615E-01 -1.40391E+01 -1.40147E+01 -2.43643E-02  0.00000E+00  0.00000E+00  3.72909E+01
   452  3.34145E-01 -1.37652E+01 -1.37413E+01 -2.39400E-02  0.00000E+00  0.00000E+00  3.57749E+01
   453  3.41845E-01 -1.34939E+01 -1.34704E+01 -2.34601E-02  0.00000E+00  0.00000E+00  3.42306E+01
   454  3.49718E-01 -1.32255E+01 -1.32025E+01 -2.29248E-02  0.00000E+00  0.00000E+00  3.26620E+01
   455  3.57767E-01 -1.29602E+01 -1.29378E+01 -2.23353E-02  0.00000E+00  0.00000E+00  3.10745E+01
   456  3.65998E-01 -1.26982E+01 -1.26765E+01 -2.16940E-02  0.00000E+00  0.00000E+00  2.94747E+01
   457  3.74413E-01 -1.24398E+01 -1.24188E+01 -2.10042E-02  0.00000E+00  0.00000E+00  2.78698E+01
   458  3.83016E-01 -1.21853E+01 -1.21650E+01 -2.02701E-02  0.00000E+00  0.00000E+00  2.62679E+01
   459  3.91811E-01 -1.19346E+01 -1.19151E+01 -1.94966E-02  0.00000E+00  0.00000E+00  2.46769E+01
   460  4.00804E-01 -1.16881E+01 -1.16694E+01 -1.86893E-02  0.00000E+00  0.00000E+00  2.31050E+01
   461  4.09996E-01 -1.14458E+01 -1.14279E+01 -1.78541E-02  0.00000E+00  0.00000E+00  2.15604E+01
   462  4.19394E-01 -1.12078E+01 -1.11908E+01 -1.69976E-02  0.00000E+00  0.00000E+00  2.00508E+01
   463  4.29000E-01 -1.09741E+01 -1.09580E+01 -1.61262E-02  0.00000E+00  0.00000E+00  1.85832E+01
   464  4.38820E-01 -1.07448E+01 -1.07296E+01 -1.52468E-02  0.00000E+00  0.00000E+00  1.71645E+01
   465  4.48858E-01 -1.05199E+01 -1.05055E+01 -1.43659E-02  0.00000E+00  0.00000E+00  1.58004E+01
   466  4.59119E-01 -1.02992E+01 -1.02858E+01 -1.34900E-02  0.00000E+00  0.00000E+00  1.44961E+01
   467  4.69606E-01 -1.00829E+01 -1.00702E+01 -1.26254E-02  0.00000E+00  0.00000E+00  1.32558E+01
   468  4.80326E-01 -9.87064E+00 -9.85886E+00 -1.17779E-02  0.00000E+00  0.00000E+00  1.20829E+01
   469  4.91281E-01 -9.66243E+00 -9.65147E+00 -1.09530E-02  0.00000E+00  0.00000E+00  1.09798E+01
   470  5.02479E-01 -9.45808E+00 -9.44792E+00 -1.01556E-02  0.00000E+00  0.00000E+00  9.94814E+00
   471  5.13922E-01 -9.25742E+00 -9.24803E+00 -9.39008E-03  0.00000E+00  0.00000E+00  8.98870E+00
   472  5.25617E-01 -9.06025E+00 -9.05159E+00 -8.66012E-03  0.00000E+00  0.00000E+00  8.10142E+00
   473  5.37568E-01 -8.86638E+00 -8.85842E+00 -7.96884E-03  0.00000E+00  0.00000E+00  7.28549E+00
   474  5.49781E-01 -8.67559E+00 -8.66827E+00 -7.31871E-03  0.00000E+00  0.00000E+00  6.53945E+00
   475  5.62261E-01 -8.48764E+00 -8.48093E+00 -6.71153E-03  0.00000E+00  0.00000E+00  5.86121E+00
   476  5.75014E-01 -8.30231E+00 -8.29616E+00 -6.14844E-03  0.00000E+00  0.00000E+00  5.24815E+00
   477  5.88044E-01 -8.11937E+00 -8.11374E+00 -5.63000E-03  0.00000E+00  0.00000E+00  4.69721E+00
   478  6.01357E-01 -7.93860E+00 -7.93345E+00 -5.15614E-03  0.00000E+00  0.00000E+00  4.20497E+00
   479  6.14959E-01 -7.75978E+00 -7.75505E+00 -4.72628E-03  0.00000E+00  0.00000E+00  3.76773E+00
   480  6.28856E-01 -7.58270E+00 -7.57836E+00 -4.33931E-03  0.00000E+00  0.00000E+00  3.38156E+00
   481  6.43054E-01 -7.40717E+00 -7.40318E+00 -3.99370E-03  0.00000E+00  0.00000E+00  3.04245E+00
   482  6.57558E-01 -7.23302E+00 -7.22934E+00 -3.68750E-03  0.00000E+00  0.00000E+00  2.74630E+00
   483  6.72374E-01 -7.06010E+00 -7.05668E+00 -3.41848E-03  0.00000E+00  0.00000E+00  2.48903E+00
   484  6.87509E-01 -6.88826E+00 -6.88508E+00 -3.18410E-03  0.00000E+00  0.00000E+00  2.26663E+00
   485  7.02968E-01 -6.71742E+00 -6.71443E+00 -2.98164E-03  0.00000E+00  0.00000E+00  2.07521E+00
   486  7.18759E-01 -6.54747E+00 -6.54466E+00 -2.80825E-03  0.00000E+00  0.00000E+00  1.91103E+00
   487  7.34886E-01 -6.37836E+00 -6.37570E+00 -2.66098E-03  0.00000E+00  0.00000E+00  1.77058E+00
   488  7.51358E-01 -6.21007E+00 -6.20754E+00 -2.53685E-03  0.00000E+00  0.00000E+00  1.65054E+00
   489  7.68180E-01 -6.04259E+00 -6.04016E+00 -2.43293E-03  0.00000E+00  0.00000E+00  1.54786E+00
   490  7.85358E-01 -5.87594E+00 -5.87359E+00 -2.34634E-03  0.00000E+00  0.00000E+00  1.45975E+00
   491  8.02901E-01 -5.71017E+00 -5.70789E+00 -2.27431E-03  0.00000E+00  0.00000E+00  1.38369E+00
   492  8.20814E-01 -5.54534E+00 -5.54313E+00 -2.21424E-03  0.00000E+00  0.00000E+00  1.31744E+00
   493  8.39104E-01 -5.38155E+00 -5.37939E+00 -2.16368E-03  0.00000E+00  0.00000E+00  1.25901E+00
   494  8.57779E-01 -5.21891E+00 -5.21679E+00 -2.12040E-03  0.00000E+00  0.00000E+00  1.20671E+00
   495  8.76846E-01 -5.05755E+00 -5.05547E+00 -2.08237E-03  0.00000E+00  0.00000E+00  1.15906E+00
   496  8.96311E-01 -4.89761E+00 -4.89556E+00 -2.04780E-03  0.00000E+00  0.00000E+00  1.11484E+00
   497  9.16182E-01 -4.73923E+00 -4.73722E+00 -2.01512E-03  0.00000E+00  0.00000E+00  1.07305E+00
   498  9.36467E-01 -4.58260E+00 -4.58062E+00 -1.98300E-03  0.00000E+00  0.00000E+00  1.03289E+00
   499  9.57172E-01 -4.42788E+00 -4.42593E+00 -1.95033E-03  0.00000E+00  0.00000E+00  9.93722E-01
   500  9.78306E-01 -4.27523E+00 -4.27332E+00 -1.91623E-03  0.00000E+00  0.00000E+00  9.55095E-01
   501  9.99876E-01 -4.12485E+00 -4.12297E+00 -1.88001E-03  0.00000E+00  0.00000E+00  9.16683E-01
   502  1.02189E+00 -3.97689E+00 -3.97505E+00 -1.84120E-03  0.00000E+00  0.00000E+00  8.78283E-01
   503  1.04436E+00 -3.83152E+00 -3.82972E+00 -1.79947E-03  0.00000E+00  0.00000E+00  8.39790E-01
   504  1.06728E+00 -3.68892E+00 -3.68716E+00 -1.75467E-03  0.00000E+00  0.00000E+00  8.01185E-01
   505  1.09067E+00 -3.54922E+00 -3.54752E+00 -1.70680E-03  0.00000E+00  0.00000E+00  7.62508E-01
   506  1.11454E+00 -3.41258E+00 -3.41092E+00 -1.65594E-03  0.00000E+00  0.00000E+00  7.23854E-01
   507  1.13889E+00 -3.27911E+00 -3.27751E+00 -1.60230E-03  0.00000E+00  0.00000E+00  6.85350E-01
   508  1.16374E+00 -3.14894E+00 -3.14739E+00 -1.54616E-03  0.00000E+00  0.00000E+00  6.47147E-01
   509  1.18908E+00 -3.02216E+00 -3.02067E+00 -1.48787E-03  0.00000E+00  0.00000E+00  6.09408E-01
   510  1.21493E+00 -2.89886E+00 -2.89743E+00 -1.42780E-03  0.00000E+00  0.00000E+00  5.72303E-01
   511  1.24130E+00 -2.77911E+00 -2.77775E+00 -1.36637E-03  0.00000E+00  0.00000E+00  5.35995E-01
   512  1.26820E+00 -2.66296E+00 -2.66166E+00 -1.30402E-03  0.00000E+00  0.00000E+00  5.00640E-01
   513  1.29563E+00 -2.55045E+00 -2.54921E+00 -1.24116E-03  0.00000E+00  0.00000E+00  4.66379E-01
   514  1.32360E+00 -2.44159E+00 -2.44042E+00 -1.17822E-03  0.00000E+00  0.00000E+00  4.33338E-01
   515  1.35212E+00 -2.33640E+00 -2.33528E+00 -1.11560E-03  0.00000E+00  0.00000E+00  4.01621E-01
   516  1.38121E+00 -2.23485E+00 -2.23380E+00 -1.05369E-03  0.00000E+00  0.00000E+00  3.71317E-01
   517  1.41086E+00 -2.13694E+00 -2.13594E+00 -9.92817E-04  0.00000E+00  0.00000E+00  3.42491E-01
   518  1.44109E+00 -2.04261E+00 -2.04167E+00 -9.33309E-04  0.00000E+00  0.00000E+00  3.15188E-01
   519  1.47191E+00 -1.95182E+00 -1.95094E+00 -8.75435E-04  0.00000E+00  0.00000E+00  2.89436E-01
   520  1.50333E+00 -1.86451E+00 -1.86369E+00 -8.19432E-04  0.00000E+00  0.00000E+00  2.65243E-01
   521  1.53535E+00 -1.78060E+00 -1.77984E+00 -7.65494E-04  0.00000E+00  0.00000E+00  2.42604E-01
   522  1.56798E+00 -1.70003E+00 -1.69932E+00 -7.13779E-04  0.00000E+00  0.00000E+00  2.21495E-01
   523  1.60124E+00 -1.62271E+00 -1.62204E+00 -6.64408E-04  0.00000E+00  0.00000E+00  2.01883E-01
   524  1.63513E+00 -1.54854E+00 -1.54792E+00 -6.17464E-04  0.00000E+00  0.00000E+00  1.83722E-01
   525  1.66967E+00 -1.47743E+00 -1.47685E+00 -5.72998E-04  0.00000E+00  0.00000E+00  1.66958E-01
   526  1.70485E+00 -1.40927E+00 -1.40874E+00 -5.31032E-04  0.00000E+00  0.00000E+00  1.51531E-01
   527  1.74070E+00 -1.34397E+00 -1.34348E+00 -4.91559E-04  0.00000E+00  0.00000E+00  1.37374E-01
   528  1.77722E+00 -1.28143E+00 -1.28098E+00 -4.54550E-04  0.00000E+00  0.00000E+00  1.24417E-01
   529  1.81441E+00 -1.22153E+00 -1.22111E+00 -4.19955E-04  0.00000E+00  0.00000E+00  1.12588E-01
   530  1.85230E+00 -1.16418E+00 -1.16379E+00 -3.87705E-04  0.00000E+00  0.00000E+00  1.01813E-01
   531  1.89088E+00 -1.10927E+00 -1.10892E+00 -3.57719E-04  0.00000E+00  0.00000E+00  9.20190E-02
   532  1.93018E+00 -1.05671E+00 -1.05638E+00 -3.29904E-04  0.00000E+00  0.00000E+00  8.31343E-02
   533  1.97018E+00 -1.00638E+00 -1.00608E+00 -3.04158E-04  0.00000E+00  0.00000E+00  7.50880E-02
   534  2.01092E+00 -9.58199E-01 -9.57919E-01 -2.80373E-04  0.00000E+00  0.00000E+00  6.78124E-02
   535  2.05239E+00 -9.12073E-01 -9.11814E-01 -2.58436E-04  0.00000E+00  0.00000E+00  6.12424E-02
   536  2.09461E+00 -8.67909E-01 -8.67671E-01 -2.38236E-04  0.00000E+00  0.00000E+00  5.53164E-02
   537  2.13759E+00 -8.25624E-01 -8.25404E-01 -2.19657E-04  0.00000E+00  0.00000E+00  4.99763E-02
   538  2.18132E+00 -7.85134E-01 -7.84931E-01 -2.02588E-04  0.00000E+00  0.00000E+00  4.51677E-02
   539  2.22584E+00 -7.46361E-01 -7.46174E-01 -1.86919E-04  0.00000E+00  0.00000E+00  4.08402E-02
   540  2.27113E+00 -7.09232E-01 -7.09059E-01 -1.72543E-04  0.00000E+00  0.00000E+00  3.69469E-02
   541  2.31722E+00 -6.73675E-01 -6.73515E-01 -1.59361E-04  0.00000E+00  0.00000E+00  3.34448E-02
   542  2.36411E+00 -6.39624E-01 -6.39476E-01 -1.47273E-04  0.00000E+00  0.00000E+00  3.02947E-02
   543  2.41182E+00 -6.07015E-01 -6.06879E-01 -1.36190E-04  0.00000E+00  0.00000E+00  2.74604E-02
   544  2.46034E+00 -5.75791E-01 -5.75665E-01 -1.26026E-04  0.00000E+00  0.00000E+00  2.49095E-02
   545  2.50969E+00 -5.45893E-01 -5.45776E-01 -1.16701E-04  0.00000E+00  0.00000E+00  2.26124E-02
   546  2.55989E+00 -5.17270E-01 -5.17162E-01 -1.08140E-04  0.00000E+00  0.00000E+00  2.05426E-02
   547  2.61093E+00 -4.89872E-01 -4.89772E-01 -1.00275E-04  0.00000E+00  0.00000E+00  1.86760E-02
   548  2.66283E+00 -4.63651E-01 -4.63558E-01 -9.30439E-05  0.00000E+00  0.00000E+00  1.69913E-02
   549  2.71560E+00 -4.38564E-01 -4.38477E-01 -8.63886E-05  0.00000E+00  0.00000E+00  1.54693E-02
   550  2.76924E+00 -4.14568E-01 -4.14487E-01 -8.02567E-05  0.00000E+00  0.00000E+00  1.40928E-02
   551  2.82377E+00 -3.91623E-01 -3.91548E-01 -7.46006E-05  0.00000E+00  0.00000E+00  1.28465E-02
   552  2.87919E+00 -3.69692E-01 -3.69622E-01 -6.93771E-05  0.00000E+00  0.00000E+00  1.17170E-02
   553  2.93551E+00 -3.48738E-01 -3.48674E-01 -6.45471E-05  0.00000E+00  0.00000E+00  1.06920E-02
   554  2.99274E+00 -3.28729E-01 -3.28669E-01 -6.00755E-05  0.00000E+00  0.00000E+00  9.76095E-03
   555  3.05090E+00 -3.09630E-01 -3.09574E-01 -5.59305E-05  0.00000E+00  0.00000E+00  8.91422E-03
   556  3.10998E+00 -2.91410E-01 -2.91358E-01 -5.20837E-05  0.00000E+00  0.00000E+00  8.14337E-03
   557  3.16999E+00 -2.74040E-01 -2.73991E-01 -4.85094E-05  0.00000E+00  0.00000E+00  7.44089E-03
   558  3.23095E+00 -2.57489E-01 -2.57444E-01 -4.51847E-05  0.00000E+00  0.00000E+00  6.80011E-03
   559  3.29287E+00 -2.41731E-01 -2.41689E-01 -4.20889E-05  0.00000E+00  0.00000E+00  6.21509E-03
   560  3.35574E+00 -2.26738E-01 -2.26699E-01 -3.92036E-05  0.00000E+00  0.00000E+00  5.68054E-03
   561  3.41958E+00 -2.12483E-01 -2.12446E-01 -3.65120E-05  0.00000E+00  0.00000E+00  5.19174E-03
   562  3.48440E+00 -1.98941E-01 -1.98907E-01 -3.39993E-05  0.00000E+00  0.00000E+00  4.74451E-03
   563  3.55020E+00 -1.86086E-01 -1.86054E-01 -3.16519E-05  0.00000E+00  0.00000E+00  4.33506E-03
   564  3.61700E+00 -1.73894E-01 -1.73865E-01 -2.94578E-05  0.00000E+00  0.00000E+00  3.96004E-03
   565  3.68479E+00 -1.62342E-01 -1.62314E-01 -2.74060E-05  0.00000E+00  0.00000E+00  3.61641E-03
   566  3.75359E+00 -1.51405E-01 -1.51379E-01 -2.54864E-05  0.00000E+00  0.00000E+00  3.30147E-03
   567  3.82340E+00 -1.41060E-01 -1.41037E-01 -2.36902E-05  0.00000E+00  0.00000E+00  3.01275E-03
   568  3.89423E+00 -1.31286E-01 -1.31264E-01 -2.20090E-05  0.00000E+00  0.00000E+00  2.74803E-03
   569  3.96609E+00 -1.22060E-01 -1.22039E-01 -2.04355E-05  0.00000E+00  0.00000E+00  2.50533E-03
   570  4.03898E+00 -1.13360E-01 -1.13341E-01 -1.89627E-05  0.00000E+00  0.00000E+00  2.28280E-03
   571  4.11291E+00 -1.05165E-01 -1.05147E-01 -1.75842E-05  0.00000E+00  0.00000E+00  2.07881E-03
   572  4.18789E+00 -9.74539E-02 -9.74376E-02 -1.62944E-05  0.00000E+00  0.00000E+00  1.89184E-03
   573  4.26392E+00 -9.02064E-02 -9.01913E-02 -1.50878E-05  0.00000E+00  0.00000E+00  1.72051E-03
   574  4.34101E+00 -8.34022E-02 -8.33883E-02 -1.39595E-05  0.00000E+00  0.00000E+00  1.56357E-03
   575  4.41916E+00 -7.70218E-02 -7.70089E-02 -1.29048E-05  0.00000E+00  0.00000E+00  1.41987E-03
   576  4.49838E+00 -7.10457E-02 -7.10338E-02 -1.19194E-05  0.00000E+00  0.00000E+00  1.28836E-03
   577  4.57868E+00 -6.54551E-02 -6.54441E-02 -1.09993E-05  0.00000E+00  0.00000E+00  1.16805E-03
   578  4.66006E+00 -6.02315E-02 -6.02214E-02 -1.01406E-05  0.00000E+00  0.00000E+00  1.05806E-03
   579  4.74252E+00 -5.53570E-02 -5.53477E-02 -9.33985E-06  0.00000E+00  0.00000E+00  9.57563E-04
   580  4.82607E+00 -5.08140E-02 -5.08054E-02 -8.59367E-06  0.00000E+00  0.00000E+00  8.65807E-04
   581  4.91072E+00 -4.65854E-02 -4.65775E-02 -7.89891E-06  0.00000E+00  0.00000E+00  7.82091E-04
   582  4.99647E+00 -4.26545E-02 -4.26473E-02 -7.25256E-06  0.00000E+00  0.00000E+00  7.05771E-04
   583  5.08332E+00 -3.90054E-02 -3.89987E-02 -6.65181E-06  0.00000E+00  0.00000E+00  6.36249E-04
   584  5.17128E+00 -3.56223E-02 -3.56162E-02 -6.09396E-06  0.00000E+00  0.00000E+00  5.72976E-04
   585  5.26036E+00 -3.24901E-02 -3.24846E-02 -5.57647E-06  0.00000E+00  0.00000E+00  5.15441E-04
   586  5.35055E+00 -2.95943E-02 -2.95892E-02 -5.09693E-06  0.00000E+00  0.00000E+00  4.63176E-04
   587  5.44185E+00 -2.69207E-02 -2.69160E-02 -4.65304E-06  0.00000E+00  0.00000E+00  4.15743E-04
   588  5.53428E+00 -2.44557E-02 -2.44515E-02 -4.24261E-06  0.00000E+00  0.00000E+00  3.72740E-04
   589  5.62784E+00 -2.21864E-02 -2.21825E-02 -3.86356E-06  0.00000E+00  0.00000E+00  3.33796E-04
   590  5.72252E+00 -2.01001E-02 -2.00966E-02 -3.51392E-06  0.00000E+00  0.00000E+00  2.98565E-04
   591  5.81834E+00 -1.81850E-02 -1.81818E-02 -3.19181E-06  0.00000E+00  0.00000E+00  2.66730E-04
   592  5.91529E+00 -1.64296E-02 -1.64267E-02 -2.89543E-06  0.00000E+00  0.00000E+00  2.37996E-04
   593  6.01338E+00 -1.48228E-02 -1.48202E-02 -2.62308E-06  0.00000E+00  0.00000E+00  2.12093E-04
   594  6.11261E+00 -1.33545E-02 -1.33521E-02 -2.37316E-06  0.00000E+00  0.00000E+00  1.88771E-04
   595  6.21297E+00 -1.20145E-02 -1.20124E-02 -2.14413E-06  0.00000E+00  0.00000E+00  1.67797E-04
   596  6.31448E+00 -1.07937E-02 -1.07917E-02 -1.93453E-06  0.00000E+00  0.00000E+00  1.48960E-04
   597  6.41713E+00 -9.68300E-03 -9.68126E-03 -1.74299E-06  0.00000E+00  0.00000E+00  1.32065E-04
   598  6.52093E+00 -8.67411E-03 -8.67254E-03 -1.56820E-06  0.00000E+00  0.00000E+00  1.16930E-04
   599  6.62588E+00 -7.75910E-03 -7.75769E-03 -1.40894E-06  0.00000E+00  0.00000E+00  1.03391E-04
   600  6.73197E+00 -6.93053E-03 -6.92927E-03 -1.26403E-06  0.00000E+00  0.00000E+00  9.12954E-05
   601  6.83921E+00 -6.18140E-03 -6.18027E-03 -1.13239E-06  0.00000E+00  0.00000E+00  8.05049E-05
   602  6.94760E+00 -5.50517E-03 -5.50415E-03 -1.01298E-06  0.00000E+00  0.00000E+00  7.08920E-05
   603  7.05714E+00 -4.89569E-03 -4.89479E-03 -9.04825E-07  0.00000E+00  0.00000E+00  6.23403E-05
   604  7.16783E+00 -4.34726E-03 -4.34646E-03 -8.07026E-07  0.00000E+00  0.00000E+00  5.47436E-05
   605  7.27967E+00 -3.85455E-03 -3.85383E-03 -7.18726E-07  0.00000E+00  0.00000E+00  4.80049E-05
   606  7.39265E+00 -3.41260E-03 -3.41196E-03 -6.39130E-07  0.00000E+00  0.00000E+00  4.20361E-05
   607  7.50679E+00 -3.01681E-03 -3.01624E-03 -5.67494E-07  0.00000E+00  0.00000E+00  3.67570E-05
   608  7.62208E+00 -2.66294E-03 -2.66244E-03 -5.03125E-07  0.00000E+00  0.00000E+00  3.20949E-05
   609  7.73851E+00 -2.34706E-03 -2.34661E-03 -4.45380E-07  0.00000E+00  0.00000E+00  2.79838E-05
   610  7.85609E+00 -2.06554E-03 -2.06514E-03 -3.93661E-07  0.00000E+00  0.00000E+00  2.43640E-05
   611  7.97482E+00 -1.81505E-03 -1.81470E-03 -3.47416E-07  0.00000E+00  0.00000E+00  2.11818E-05
   612  8.09469E+00 -1.59253E-03 -1.59223E-03 -3.06133E-07  0.00000E+00  0.00000E+00  1.83884E-05
   613  8.21570E+00 -1.39519E-03 -1.39492E-03 -2.69340E-07  0.00000E+00  0.00000E+00  1.59400E-05
   614  8.33786E+00 -1.22045E-03 -1.22022E-03 -2.36604E-07  0.00000E+00  0.00000E+00  1.37975E-05
   615  8.46115E+00 -1.06598E-03 -1.06578E-03 -2.07525E-07  0.00000E+00  0.00000E+00  1.19254E-05
   616  8.58559E+00 -9.29658E-04 -9.29476E-04 -1.81737E-07  0.00000E+00  0.00000E+00  1.02922E-05
   617  8.71116E+00 -8.09539E-04 -8.09380E-04 -1.58908E-07  0.00000E+00  0.00000E+00  8.86957E-06
   618  8.83786E+00 -7.03871E-04 -7.03733E-04 -1.38730E-07  0.00000E+00  0.00000E+00  7.63232E-06
   619  8.96570E+00 -6.11070E-04 -6.10949E-04 -1.20926E-07  0.00000E+00  0.00000E+00  6.55797E-06
   620  9.09467E+00 -5.29700E-04 -5.29594E-04 -1.05243E-07  0.00000E+00  0.00000E+00  5.62654E-06
   621  9.22476E+00 -4.58469E-04 -4.58378E-04 -9.14518E-08  0.00000E+00  0.00000E+00  4.82026E-06
   622  9.35598E+00 -3.96217E-04 -3.96138E-04 -7.93440E-08  0.00000E+00  0.00000E+00  4.12342E-06
   623  9.48832E+00 -3.41900E-04 -3.41831E-04 -6.87320E-08  0.00000E+00  0.00000E+00  3.52211E-06
   624  9.62177E+00 -2.94583E-04 -2.94523E-04 -5.94468E-08  0.00000E+00  0.00000E+00  3.00405E-06
   625  9.75634E+00 -2.53431E-04 -2.53380E-04 -5.13360E-08  0.00000E+00  0.00000E+00  2.55840E-06
   626  9.89202E+00 -2.17699E-04 -2.17655E-04 -4.42631E-08  0.00000E+00  0.00000E+00  2.17565E-06
   627  1.00288E+01 -1.86724E-04 -1.86686E-04 -3.81054E-08  0.00000E+00  0.00000E+00  1.84744E-06
   628  1.01667E+01 -1.59915E-04 -1.59882E-04 -3.27536E-08  0.00000E+00  0.00000E+00  1.56643E-06
   629  1.03057E+01 -1.36750E-04 -1.36721E-04 -2.81099E-08  0.00000E+00  0.00000E+00  1.32622E-06
   630  1.04458E+01 -1.16765E-04 -1.16741E-04 -2.40873E-08  0.00000E+00  0.00000E+00  1.12119E-06
   631  1.05870E+01 -9.95516E-05 -9.95310E-05 -2.06086E-08  0.00000E+00  0.00000E+00  9.46475E-07
   632  1.07293E+01 -8.47493E-05 -8.47317E-05 -1.76052E-08  0.00000E+00  0.00000E+00  7.97817E-07
   633  1.08726E+01 -7.20406E-05 -7.20256E-05 -1.50164E-08  0.00000E+00  0.00000E+00  6.71528E-07
   634  1.10171E+01 -6.11468E-05 -6.11340E-05 -1.27887E-08  0.00000E+00  0.00000E+00  5.64408E-07
   635  1.11626E+01 -5.18235E-05 -5.18126E-05 -1.08748E-08  0.00000E+00  0.00000E+00  4.73687E-07
   636  1.13092E+01 -4.38569E-05 -4.38477E-05 -9.23334E-09  0.00000E+00  0.00000E+00  3.96973E-07
   637  1.14568E+01 -3.70604E-05 -3.70526E-05 -7.82773E-09  0.00000E+00  0.00000E+00  3.32204E-07
   638  1.16055E+01 -3.12712E-05 -3.12646E-05 -6.62607E-09  0.00000E+00  0.00000E+00  2.77602E-07
   639  1.17553E+01 -2.63477E-05 -2.63421E-05 -5.60042E-09  0.00000E+00  0.00000E+00  2.31643E-07
   640  1.19062E+01 -2.21671E-05 -2.21623E-05 -4.72643E-09  0.00000E+00  0.00000E+00  1.93017E-07
   641  1.20580E+01 -1.86227E-05 -1.86187E-05 -3.98286E-09  0.00000E+00  0.00000E+00  1.60602E-07
   642  1.22110E+01 -1.56224E-05 -1.56190E-05 -3.35127E-09  0.00000E+00  0.00000E+00  1.33442E-07
   643  1.23649E+01 -1.30865E-05 -1.30837E-05 -2.81565E-09  0.00000E+00  0.00000E+00  1.10718E-07
   644  1.25199E+01 -1.09466E-05 -1.09442E-05 -2.36213E-09  0.00000E+00  0.00000E+00  9.17350E-08
   645  1.26760E+01 -9.14348E-06 -9.14150E-06 -1.97875E-09  0.00000E+00  0.00000E+00  7.59001E-08
   646  1.28330E+01 -7.62649E-06 -7.62483E-06 -1.65515E-09  0.00000E+00  0.00000E+00  6.27109E-08
   647  1.29911E+01 -6.35216E-06 -6.35077E-06 -1.38246E-09  0.00000E+00  0.00000E+00  5.17416E-08
   648  1.31502E+01 -5.28328E-06 -5.28213E-06 -1.15301E-09  0.00000E+00  0.00000E+00  4.26321E-08
   649  1.33103E+01 -4.38809E-06 -4.38713E-06 -9.60258E-10  0.00000E+00  0.00000E+00  3.50780E-08
   650  1.34713E+01 -3.63947E-06 -3.63867E-06 -7.98574E-10  0.00000E+00  0.00000E+00  2.88229E-08
   651  1.36334E+01 -3.01436E-06 -3.01370E-06 -6.63162E-10  0.00000E+00  0.00000E+00  2.36509E-08
   652  1.37965E+01 -2.49316E-06 -2.49261E-06 -5.49926E-10  0.00000E+00  0.00000E+00  1.93806E-08
   653  1.39606E+01 -2.05923E-06 -2.05877E-06 -4.55379E-10  0.00000E+00  0.00000E+00  1.58600E-08
   654  1.41256E+01 -1.69849E-06 -1.69811E-06 -3.76554E-10  0.00000E+00  0.00000E+00  1.29614E-08
   655  1.42917E+01 -1.39902E-06 -1.39871E-06 -3.10936E-10  0.00000E+00  0.00000E+00  1.05785E-08
   656  1.44587E+01 -1.15079E-06 -1.15054E-06 -2.56395E-10  0.00000E+00  0.00000E+00  8.62212E-09
   657  1.46266E+01 -9.45328E-07 -9.45117E-07 -2.11126E-10  0.00000E+00  0.00000E+00  7.01830E-09
   658  1.47955E+01 -7.75501E-07 -7.75328E-07 -1.73610E-10  0.00000E+00  0.00000E+00  5.70530E-09
   659  1.49654E+01 -6.35332E-07 -6.35189E-07 -1.42564E-10  0.00000E+00  0.00000E+00  4.63187E-09
   660  1.51362E+01 -5.19805E-07 -5.19688E-07 -1.16910E-10  0.00000E+00  0.00000E+00  3.75551E-09
   661  1.53080E+01 -4.24722E-07 -4.24626E-07 -9.57425E-11  0.00000E+00  0.00000E+00  3.04103E-09
   662  1.54806E+01 -3.46575E-07 -3.46496E-07 -7.83015E-11  0.00000E+00  0.00000E+00  2.45931E-09
   663  1.56543E+01 -2.82436E-07 -2.82372E-07 -6.39516E-11  0.00000E+00  0.00000E+00  1.98633E-09
   664  1.58288E+01 -2.29867E-07 -2.29815E-07 -5.21618E-11  0.00000E+00  0.00000E+00  1.60228E-09
   665  1.60043E+01 -1.86841E-07 -1.86799E-07 -4.24891E-11  0.00000E+00  0.00000E+00  1.29085E-09
   666  1.61806E+01 -1.51673E-07 -1.51639E-07 -3.45644E-11  0.00000E+00  0.00000E+00  1.03864E-09
   667  1.63579E+01 -1.22967E-07 -1.22939E-07 -2.80809E-11  0.00000E+00  0.00000E+00  8.34674E-10
   668  1.65361E+01 -9.95673E-08 -9.95446E-08 -2.27839E-11  0.00000E+00  0.00000E+00  6.69929E-10
   669  1.67151E+01 -8.05185E-08 -8.05000E-08 -1.84621E-11  0.00000E+00  0.00000E+00  5.37038E-10
   670  1.68951E+01 -6.50323E-08 -6.50173E-08 -1.49409E-11  0.00000E+00  0.00000E+00  4.29982E-10
   671  1.70759E+01 -5.24590E-08 -5.24469E-08 -1.20758E-11  0.00000E+00  0.00000E+00  3.43847E-10
   672  1.72576E+01 -4.22641E-08 -4.22543E-08 -9.74778E-12  0.00000E+00  0.00000E+00  2.74636E-10
   673  1.74402E+01 -3.40085E-08 -3.40007E-08 -7.85862E-12  0.00000E+00  0.00000E+00  2.19092E-10
   674  1.76237E+01 -2.73320E-08 -2.73257E-08 -6.32764E-12  0.00000E+00  0.00000E+00  1.74574E-10
   675  1.78080E+01 -2.19395E-08 -2.19344E-08 -5.08859E-12  0.00000E+00  0.00000E+00  1.38936E-10
   676  1.79931E+01 -1.75897E-08 -1.75856E-08 -4.08710E-12  0.00000E+00  0.00000E+00  1.10444E-10
   677  1.81791E+01 -1.40853E-08 -1.40820E-08 -3.27869E-12  0.00000E+00  0.00000E+00  8.76919E-11
   678  1.83660E+01 -1.12656E-08 -1.12630E-08 -2.62697E-12  0.00000E+00  0.00000E+00  6.95462E-11
   679  1.85537E+01 -8.99973E-09 -8.99762E-09 -2.10224E-12  0.00000E+00  0.00000E+00  5.50917E-11
   680  1.87422E+01 -7.18112E-09 -7.17944E-09 -1.68030E-12  0.00000E+00  0.00000E+00  4.35914E-11
   681  1.89315E+01 -5.72331E-09 -5.72197E-09 -1.34145E-12  0.00000E+00  0.00000E+00  3.44526E-11
   682  1.91217E+01 -4.55613E-09 -4.55506E-09 -1.06966E-12  0.00000E+00  0.00000E+00  2.71990E-11
   683  1.93126E+01 -3.62280E-09 -3.62195E-09 -8.51929E-13  0.00000E+00  0.00000E+00  2.14484E-11
   684  1.95044E+01 -2.87737E-09 -2.87669E-09 -6.77726E-13  0.00000E+00  0.00000E+00  1.68949E-11
   685  1.96970E+01 -2.28271E-09 -2.28217E-09 -5.38518E-13  0.00000E+00  0.00000E+00  1.32933E-11
   686  1.98903E+01 -1.80890E-09 -1.80847E-09 -4.27410E-13  0.00000E+00  0.00000E+00  1.04481E-11
   687  2.00845E+01 -1.43183E-09 -1.43149E-09 -3.38838E-13  0.00000E+00  0.00000E+00  8.20286E-12
   688  2.02794E+01 -1.13210E-09 -1.13183E-09 -2.68315E-13  0.00000E+00  0.00000E+00  6.43315E-12
   689  2.04751E+01 -8.94118E-10 -8.93905E-10 -2.12231E-13  0.00000E+00  0.00000E+00  5.03982E-12
   690  2.06716E+01 -7.05381E-10 -7.05214E-10 -1.67681E-13  0.00000E+00  0.00000E+00  3.94406E-12
   691  2.08688E+01 -5.55876E-10 -5.55744E-10 -1.32336E-13  0.00000E+00  0.00000E+00  3.08327E-12
   692  2.10668E+01 -4.37593E-10 -4.37488E-10 -1.04325E-13  0.00000E+00  0.00000E+00  2.40781E-12
   693  2.12656E+01 -3.44106E-10 -3.44023E-10 -8.21534E-14  0.00000E+00  0.00000E+00  1.87837E-12
   694  2.14651E+01 -2.70298E-10 -2.70234E-10 -6.46233E-14  0.00000E+00  0.00000E+00  1.46383E-12
   695  2.16654E+01 -2.12098E-10 -2.12047E-10 -5.07789E-14  0.00000E+00  0.00000E+00  1.13959E-12
   696  2.18663E+01 -1.66250E-10 -1.66210E-10 -3.98576E-14  0.00000E+00  0.00000E+00  8.86275E-13
   697  2.20681E+01 -1.30181E-10 -1.30150E-10 -3.12520E-14  0.00000E+00  0.00000E+00  6.88567E-13
   698  2.22705E+01 -1.01831E-10 -1.01807E-10 -2.44785E-14  0.00000E+00  0.00000E+00  5.34426E-13
   699  2.24737E+01 -7.95715E-11 -7.95524E-11 -1.91530E-14  0.00000E+00  0.00000E+00  4.14376E-13
   700  2.26776E+01 -6.21093E-11 -6.20943E-11 -1.49705E-14  0.00000E+00  0.00000E+00  3.20976E-13
   701  2.28822E+01 -4.84352E-11 -4.84235E-11 -1.16892E-14  0.00000E+00  0.00000E+00  2.48383E-13
   702  2.30875E+01 -3.77318E-11 -3.77227E-11 -9.11783E-15  0.00000E+00  0.00000E+00  1.92021E-13
   703  2.32935E+01 -2.93667E-11 -2.93596E-11 -7.10485E-15  0.00000E+00  0.00000E+00  1.48304E-13
   704  2.35002E+01 -2.28282E-11 -2.28226E-11 -5.53070E-15  0.00000E+00  0.00000E+00  1.14431E-13
   705  2.37076E+01 -1.77252E-11 -1.77209E-11 -4.30100E-15  0.00000E+00  0.00000E+00  8.82095E-14
   706  2.39156E+01 -1.37523E-11 -1.37490E-11 -3.34139E-15  0.00000E+00  0.00000E+00  6.79326E-14
   707  2.41244E+01 -1.06536E-11 -1.06510E-11 -2.59332E-15  0.00000E+00  0.00000E+00  5.22676E-14
   708  2.43338E+01 -8.25141E-12 -8.24940E-12 -2.01075E-15  0.00000E+00  0.00000E+00  4.01774E-14
   709  2.45439E+01 -6.38223E-12 -6.38067E-12 -1.55754E-15  0.00000E+00  0.00000E+00  3.08553E-14
   710  2.47546E+01 -4.93237E-12 -4.93117E-12 -1.20532E-15  0.00000E+00  0.00000E+00  2.36744E-14
   711  2.49660E+01 -3.80944E-12 -3.80851E-12 -9.31855E-16  0.00000E+00  0.00000E+00  1.81481E-14
   712  2.51781E+01 -2.93526E-12 -2.93454E-12 -7.19750E-16  0.00000E+00  0.00000E+00  1.38993E-14
   713  2.53908E+01 -2.26008E-12 -2.25953E-12 -5.55400E-16  0.00000E+00  0.00000E+00  1.06356E-14
   714  2.56042E+01 -1.74126E-12 -1.74083E-12 -4.28178E-16  0.00000E+00  0.00000E+00  8.13105E-15
   715  2.58182E+01 -1.33615E-12 -1.33582E-12 -3.29791E-16  0.00000E+00  0.00000E+00  6.21079E-15
   716  2.60328E+01 -1.02344E-12 -1.02318E-12 -2.53778E-16  0.00000E+00  0.00000E+00  4.73987E-15
   717  2.62480E+01 -7.81792E-13 -7.81597E-13 -1.95107E-16  0.00000E+00  0.00000E+00  3.61417E-15
   718  2.64639E+01 -5.97006E-13 -5.96856E-13 -1.49864E-16  0.00000E+00  0.00000E+00  2.75344E-15
   719  2.66804E+01 -4.54862E-13 -4.54747E-13 -1.15008E-16  0.00000E+00  0.00000E+00  2.09590E-15
   720  2.68975E+01 -3.41149E-13 -3.41061E-13 -8.81809E-17  0.00000E+00  0.00000E+00  1.59403E-15
   721  2.71152E+01 -2.62968E-13 -2.62901E-13 -6.75515E-17  0.00000E+00  0.00000E+00  1.21131E-15
   722  2.73336E+01 -1.99004E-13 -1.98952E-13 -5.17028E-17  0.00000E+00  0.00000E+00  9.19709E-16
   723  2.75525E+01 -1.49254E-13 -1.49214E-13 -3.95379E-17  0.00000E+00  0.00000E+00  6.97728E-16
   724  2.77720E+01 -1.13717E-13 -1.13687E-13 -3.02091E-17  0.00000E+00  0.00000E+00  5.28888E-16
   725  2.79921E+01 -2.30616E-17 -0.00000E+00 -2.30616E-17  0.00000E+00  0.00000E+00  4.00577E-16
   726  2.79921E+01 -0.00000E+00 -0.00000E+00  0.00000E+00  0.00000E+00  0.00000E+00  0.00000E+00
   727  5.59842E+01 -0.00000E+00 -0.00000E+00  0.00000E+00  0.00000E+00  0.00000E+00  0.00000E+00
   728  1.11968E+02 -0.00000E+00 -0.00000E+00  0.00000E+00  0.00000E+00  0.00000E+00  0.00000E+00
   729  2.23937E+02 -0.00000E+00 -0.00000E+00  0.00000E+00  0.00000E+00  0.00000E+00  0.00000E+00
   730  4.47874E+02 -0.00000E+00 -0.00000E+00  0.00000E+00  0.00000E+00  0.00000E+00  0.00000E+00
   731  8.95748E+02 -0.00000E+00 -0.00000E+00  0.00000E+00  0.00000E+00  0.00000E+00  0.00000E+00
   732  1.79150E+03 -0.00000E+00 -0.00000E+00  0.00000E+00  0.00000E+00  0.00000E+00  0.00000E+00
   733  3.58299E+03 -0.00000E+00 -0.00000E+00  0.00000E+00  0.00000E+00  0.00000E+00  0.00000E+00
   734  7.16598E+03 -0.00000E+00 -0.00000E+00  0.00000E+00  0.00000E+00  0.00000E+00  0.00000E+00
   735  1.43320E+04 -0.00000E+00 -0.00000E+00  0.00000E+00  0.00000E+00  0.00000E+00  0.00000E+00
