# Characteristic  Pathlengths (in Angstroem) for Electron Transport in Ag
#
# ener(eV)      EMFP      IMFP     TRMFP      LNRG   
       5.0       0.7      42.6       0.7       0.1
      10.0       1.6      23.3       1.6       0.1
      15.0       2.2      16.6       2.4       0.1
      20.0       2.3      14.7       2.9       0.1
      25.0       2.3      13.9       3.2       0.1
      30.0       2.2      13.3       3.3       0.1
      35.0       2.0      12.5       3.3       0.1
      40.0       1.9      11.9       3.4       0.1
      45.0       1.8      11.3       3.6       1.8
      50.0       1.8      10.5       3.8       3.4
      55.0       1.8       9.8       4.0       4.7
      60.0       1.8       9.1       4.3       6.0
      65.0       1.8       8.6       4.6       7.0
      70.0       1.8       8.1       5.0       8.0
      75.0       1.8       7.7       5.3       8.9
      80.0       1.9       7.4       5.7       9.8
      85.0       1.9       7.1       6.1      10.6
      90.0       2.0       6.9       6.5      11.3
      95.0       2.1       6.7       6.8      12.1
     100.0       2.1       6.5       7.1      12.7
     105.0       2.2       6.4       7.5      13.4
     110.0       2.2       6.3       7.7      14.0
     115.0       2.3       6.1       8.0      14.6
     120.0       2.4       6.1       8.2      15.1
     125.0       2.4       6.0       8.5      15.7
     130.0       2.5       5.9       8.6      16.3
     135.0       2.5       5.9       8.8      16.8
     140.0       2.6       5.8       9.0      17.3
     145.0       2.6       5.8       9.1      17.8
     150.0       2.7       5.7       9.3      18.4
     155.0       2.7       5.7       9.4      18.9
     160.0       2.8       5.7       9.5      19.4
     165.0       2.8       5.7       9.6      19.9
     170.0       2.9       5.7       9.7      20.4
     175.0       2.9       5.7       9.8      20.8
     180.0       3.0       5.7       9.9      21.3
     185.0       3.0       5.7      10.0      21.8
     190.0       3.1       5.7      10.1      22.3
     195.0       3.1       5.7      10.2      22.8
     200.0       3.2       5.8      10.3      23.3
     205.0       3.2       5.8      10.4      23.8
     210.0       3.3       5.8      10.5      24.3
     215.0       3.3       5.8      10.6      24.8
     220.0       3.4       5.9      10.7      25.3
     225.0       3.4       5.9      10.8      25.8
     230.0       3.4       6.0      10.9      26.3
     235.0       3.5       6.0      11.0      26.8
     240.0       3.5       6.1      11.0      27.3
     245.0       3.6       6.1      11.1      27.8
     250.0       3.6       6.2      11.2      28.3
     255.0       3.6       6.2      11.3      28.8
     260.0       3.7       6.3      11.4      29.3
     265.0       3.7       6.3      11.5      29.8
     270.0       3.7       6.4      11.6      30.4
     275.0       3.8       6.4      11.7      30.9
     280.0       3.8       6.5      11.8      31.4
     285.0       3.8       6.6      11.9      31.9
     290.0       3.9       6.6      12.0      32.4
     295.0       3.9       6.7      12.1      33.0
     300.0       4.0       6.7      12.2      33.5
     305.0       4.0       6.8      12.3      34.0
     310.0       4.0       6.8      12.5      34.6
     315.0       4.1       6.9      12.6      35.1
     320.0       4.1       7.0      12.7      35.7
     325.0       4.1       7.0      12.8      36.2
     330.0       4.2       7.1      12.9      36.7
     335.0       4.2       7.1      13.0      37.3
     340.0       4.2       7.2      13.1      37.9
     345.0       4.2       7.3      13.2      38.4
     350.0       4.3       7.3      13.4      39.0
     355.0       4.3       7.4      13.5      39.5
     360.0       4.3       7.4      13.6      40.1
     365.0       4.4       7.5      13.7      40.7
     370.0       4.4       7.6      13.8      41.2
     375.0       4.4       7.6      13.9      41.8
     380.0       4.5       7.7      14.1      42.4
     385.0       4.5       7.7      14.2      43.0
     390.0       4.5       7.8      14.3      43.5
     395.0       4.5       7.9      14.4      44.1
     400.0       4.6       7.9      14.6      44.7
     405.0       4.6       8.0      14.7      45.3
     410.0       4.6       8.0      14.8      45.9
     415.0       4.7       8.1      14.9      46.5
     420.0       4.7       8.2      15.1      47.1
     425.0       4.7       8.2      15.2      47.7
     430.0       4.7       8.3      15.3      48.3
     435.0       4.8       8.3      15.4      48.9
     440.0       4.8       8.4      15.6      49.5
     445.0       4.8       8.5      15.7      50.1
     450.0       4.8       8.5      15.8      50.7
     455.0       4.9       8.6      16.0      51.4
     460.0       4.9       8.6      16.1      52.0
     465.0       4.9       8.7      16.2      52.6
     470.0       4.9       8.7      16.4      53.2
     475.0       5.0       8.8      16.5      53.9
     480.0       5.0       8.9      16.7      54.5
     485.0       5.0       8.9      16.8      55.1
     490.0       5.0       9.0      16.9      55.8
     495.0       5.1       9.0      17.1      56.4
     500.0       5.1       9.1      17.2      57.1
     505.0       5.1       9.2      17.3      57.7
     510.0       5.1       9.2      17.5      58.3
     515.0       5.2       9.3      17.6      59.0
     520.0       5.2       9.3      17.8      59.7
     525.0       5.2       9.4      17.9      60.3
     530.0       5.2       9.5      18.1      61.0
     535.0       5.3       9.5      18.2      61.6
     540.0       5.3       9.6      18.3      62.3
     545.0       5.3       9.6      18.5      63.0
     550.0       5.3       9.7      18.6      63.7
     555.0       5.4       9.8      18.8      64.3
     560.0       5.4       9.8      18.9      65.0
     565.0       5.4       9.9      19.1      65.7
     570.0       5.4       9.9      19.2      66.4
     575.0       5.4      10.0      19.4      67.1
     580.0       5.5      10.0      19.5      67.7
     585.0       5.5      10.1      19.7      68.4
     590.0       5.5      10.2      19.8      69.1
     595.0       5.5      10.2      20.0      69.8
     600.0       5.6      10.3      20.1      70.5
     605.0       5.6      10.3      20.3      71.2
     610.0       5.6      10.4      20.4      72.0
     615.0       5.6      10.4      20.6      72.7
     620.0       5.6      10.5      20.7      73.4
     625.0       5.7      10.6      20.9      74.1
     630.0       5.7      10.6      21.0      74.8
     635.0       5.7      10.7      21.2      75.5
     640.0       5.7      10.7      21.3      76.3
     645.0       5.7      10.8      21.5      77.0
     650.0       5.8      10.9      21.6      77.7
     655.0       5.8      10.9      21.8      78.4
     660.0       5.8      11.0      22.0      79.2
     665.0       5.8      11.0      22.1      79.9
     670.0       5.9      11.1      22.3      80.7
     675.0       5.9      11.1      22.4      81.4
     680.0       5.9      11.2      22.6      82.2
     685.0       5.9      11.3      22.8      82.9
     690.0       5.9      11.3      22.9      83.7
     695.0       6.0      11.4      23.1      84.4
     700.0       6.0      11.4      23.2      85.2
     705.0       6.0      11.5      23.4      85.9
     710.0       6.0      11.5      23.6      86.7
     715.0       6.0      11.6      23.7      87.4
     720.0       6.1      11.7      23.9      88.2
     725.0       6.1      11.7      24.0      89.0
     730.0       6.1      11.8      24.2      89.8
     735.0       6.1      11.8      24.4      90.5
     740.0       6.1      11.9      24.5      91.3
     745.0       6.2      11.9      24.7      92.1
     750.0       6.2      12.0      24.9      92.9
     755.0       6.2      12.0      25.0      93.6
     760.0       6.2      12.1      25.2      94.4
     765.0       6.2      12.2      25.4      95.2
     770.0       6.2      12.2      25.5      96.0
     775.0       6.3      12.3      25.7      96.8
     780.0       6.3      12.3      25.9      97.6
     785.0       6.3      12.4      26.0      98.4
     790.0       6.3      12.4      26.2      99.1
     795.0       6.3      12.5      26.4      99.9
     800.0       6.4      12.5      26.6     100.7
     805.0       6.4      12.6      26.7     101.5
     810.0       6.4      12.6      26.9     102.4
     815.0       6.4      12.7      27.1     103.2
     820.0       6.4      12.8      27.2     104.0
     825.0       6.5      12.8      27.4     104.8
     830.0       6.5      12.9      27.6     105.6
     835.0       6.5      12.9      27.8     106.4
     840.0       6.5      13.0      27.9     107.2
     845.0       6.5      13.0      28.1     108.1
     850.0       6.5      13.1      28.3     108.9
     855.0       6.6      13.1      28.5     109.7
     860.0       6.6      13.2      28.6     110.5
     865.0       6.6      13.3      28.8     111.4
     870.0       6.6      13.3      29.0     112.2
     875.0       6.6      13.4      29.2     113.1
     880.0       6.7      13.4      29.3     113.9
     885.0       6.7      13.5      29.5     114.7
     890.0       6.7      13.5      29.7     115.6
     895.0       6.7      13.6      29.9     116.4
     900.0       6.7      13.6      30.0     117.3
     905.0       6.7      13.7      30.2     118.1
     910.0       6.8      13.7      30.4     119.0
     915.0       6.8      13.8      30.6     119.9
     920.0       6.8      13.9      30.8     120.7
     925.0       6.8      13.9      30.9     121.6
     930.0       6.8      14.0      31.1     122.5
     935.0       6.8      14.0      31.3     123.3
     940.0       6.9      14.1      31.5     124.2
     945.0       6.9      14.1      31.7     125.0
     950.0       6.9      14.2      31.9     125.9
     955.0       6.9      14.2      32.0     126.7
     960.0       6.9      14.3      32.2     127.5
     965.0       7.0      14.3      32.4     128.4
     970.0       7.0      14.4      32.6     129.2
     975.0       7.0      14.5      32.8     130.1
     980.0       7.0      14.5      33.0     130.9
     985.0       7.0      14.5      33.1     131.8
     990.0       7.0      14.6      33.3     132.7
     995.0       7.1      14.6      33.5     133.5
    1000.0       7.1      14.7      33.7     134.4
    1005.0       7.1      14.7      33.9     135.3
    1010.0       7.1      14.8      34.1     136.1
    1015.0       7.1      14.8      34.3     137.0
    1020.0       7.1      14.9      34.5     137.9
    1025.0       7.2      14.9      34.6     138.8
    1030.0       7.2      15.0      34.8     139.6
    1035.0       7.2      15.0      35.0     140.5
    1040.0       7.2      15.1      35.2     141.4
    1045.0       7.2      15.1      35.4     142.3
    1050.0       7.2      15.2      35.6     143.2
    1055.0       7.3      15.2      35.8     144.1
    1060.0       7.3      15.3      36.0     145.0
    1065.0       7.3      15.3      36.2     145.9
    1070.0       7.3      15.4      36.4     146.8
    1075.0       7.3      15.4      36.5     147.6
    1080.0       7.3      15.5      36.7     148.5
    1085.0       7.4      15.5      36.9     149.4
    1090.0       7.4      15.6      37.1     150.3
    1095.0       7.4      15.6      37.3     151.2
    1100.0       7.4      15.7      37.5     152.1
    1105.0       7.4      15.7      37.7     153.0
    1110.0       7.4      15.8      37.9     153.9
    1115.0       7.5      15.9      38.1     154.8
    1120.0       7.5      15.9      38.3     155.7
    1125.0       7.5      16.0      38.5     156.6
    1130.0       7.5      16.0      38.7     157.5
    1135.0       7.5      16.1      38.9     158.4
    1140.0       7.5      16.1      39.1     159.3
    1145.0       7.5      16.2      39.3     160.2
    1150.0       7.6      16.2      39.5     161.2
    1155.0       7.6      16.3      39.7     162.1
    1160.0       7.6      16.3      39.9     163.0
    1165.0       7.6      16.4      40.1     163.9
    1170.0       7.6      16.4      40.3     164.8
    1175.0       7.6      16.5      40.5     165.7
    1180.0       7.7      16.5      40.7     166.7
    1185.0       7.7      16.6      40.9     167.6
    1190.0       7.7      16.6      41.1     168.5
    1195.0       7.7      16.6      41.3     169.4
    1200.0       7.7      16.7      41.5     170.3
    1205.0       7.7      16.7      41.7     171.3
    1210.0       7.8      16.8      41.9     172.2
    1215.0       7.8      16.8      42.1     173.1
    1220.0       7.8      16.9      42.3     174.1
    1225.0       7.8      16.9      42.5     175.0
    1230.0       7.8      17.0      42.7     175.9
    1235.0       7.8      17.0      42.9     176.9
    1240.0       7.9      17.1      43.1     177.8
    1245.0       7.9      17.1      43.3     178.7
    1250.0       7.9      17.2      43.5     179.7
    1255.0       7.9      17.3      43.7     180.6
    1260.0       7.9      17.3      43.9     181.6
    1265.0       7.9      17.4      44.1     182.6
    1270.0       7.9      17.4      44.3     183.5
    1275.0       8.0      17.5      44.5     184.5
    1280.0       8.0      17.5      44.7     185.4
    1285.0       8.0      17.6      44.9     186.4
    1290.0       8.0      17.6      45.2     187.3
    1295.0       8.0      17.7      45.4     188.3
    1300.0       8.0      17.7      45.6     189.2
    1305.0       8.1      17.8      45.8     190.2
    1310.0       8.1      17.8      46.0     191.2
    1315.0       8.1      17.9      46.2     192.1
    1320.0       8.1      17.9      46.4     193.1
    1325.0       8.1      18.0      46.6     194.0
    1330.0       8.1      18.0      46.8     195.0
    1335.0       8.1      18.1      47.0     196.0
    1340.0       8.2      18.1      47.2     196.9
    1345.0       8.2      18.2      47.5     197.9
    1350.0       8.2      18.2      47.7     198.9
    1355.0       8.2      18.3      47.9     199.8
    1360.0       8.2      18.3      48.1     200.8
    1365.0       8.2      18.4      48.3     201.8
    1370.0       8.2      18.4      48.5     202.8
    1375.0       8.3      18.5      48.7     203.7
    1380.0       8.3      18.5      49.0     204.7
    1385.0       8.3      18.5      49.2     205.7
    1390.0       8.3      18.6      49.4     206.7
    1395.0       8.3      18.6      49.6     207.7
    1400.0       8.3      18.7      49.8     208.6
    1405.0       8.4      18.7      50.0     209.6
    1410.0       8.4      18.8      50.2     210.6
    1415.0       8.4      18.8      50.5     211.6
    1420.0       8.4      18.9      50.7     212.6
    1425.0       8.4      18.9      50.9     213.6
    1430.0       8.4      19.0      51.1     214.6
    1435.0       8.4      19.0      51.3     215.6
    1440.0       8.5      19.1      51.5     216.6
    1445.0       8.5      19.1      51.8     217.6
    1450.0       8.5      19.2      52.0     218.6
    1455.0       8.5      19.2      52.2     219.6
    1460.0       8.5      19.3      52.4     220.6
    1465.0       8.5      19.3      52.6     221.6
    1470.0       8.5      19.4      52.9     222.7
    1475.0       8.6      19.4      53.1     223.7
    1480.0       8.6      19.5      53.3     224.7
    1485.0       8.6      19.5      53.5     225.7
    1490.0       8.6      19.6      53.7     226.7
    1495.0       8.6      19.6      54.0     227.7
    1500.0       8.6      19.7      54.2     228.7
    1505.0       8.6      19.7      54.4     229.8
    1510.0       8.7      19.8      54.6     230.8
    1515.0       8.7      19.8      54.8     231.8
    1520.0       8.7      19.9      55.1     232.8
    1525.0       8.7      19.9      55.3     233.9
    1530.0       8.7      20.0      55.5     234.9
    1535.0       8.7      20.0      55.7     235.9
    1540.0       8.7      20.1      56.0     236.9
    1545.0       8.8      20.1      56.2     238.0
    1550.0       8.8      20.2      56.4     239.0
    1555.0       8.8      20.2      56.6     240.0
    1560.0       8.8      20.3      56.9     241.1
    1565.0       8.8      20.3      57.1     242.1
    1570.0       8.8      20.4      57.3     243.2
    1575.0       8.8      20.4      57.5     244.2
    1580.0       8.9      20.5      57.8     245.2
    1585.0       8.9      20.5      58.0     246.3
    1590.0       8.9      20.6      58.2     247.3
    1595.0       8.9      20.6      58.4     248.3
    1600.0       8.9      20.7      58.7     249.4
    1605.0       8.9      20.7      58.9     250.5
    1610.0       8.9      20.8      59.1     251.5
    1615.0       9.0      20.8      59.4     252.6
    1620.0       9.0      20.9      59.6     253.6
    1625.0       9.0      20.9      59.8     254.7
    1630.0       9.0      21.0      60.1     255.7
    1635.0       9.0      21.0      60.3     256.8
    1640.0       9.0      21.0      60.5     257.9
    1645.0       9.0      21.1      60.7     258.9
    1650.0       9.1      21.1      61.0     260.0
    1655.0       9.1      21.2      61.2     261.1
    1660.0       9.1      21.2      61.4     262.1
    1665.0       9.1      21.3      61.7     263.2
    1670.0       9.1      21.3      61.9     264.3
    1675.0       9.1      21.4      62.1     265.4
    1680.0       9.1      21.4      62.4     266.4
    1685.0       9.2      21.5      62.6     267.5
    1690.0       9.2      21.5      62.8     268.6
    1695.0       9.2      21.6      63.1     269.6
    1700.0       9.2      21.6      63.3     270.7
    1705.0       9.2      21.7      63.5     271.8
    1710.0       9.2      21.7      63.8     272.9
    1715.0       9.2      21.8      64.0     274.0
    1720.0       9.3      21.8      64.2     275.1
    1725.0       9.3      21.9      64.5     276.2
    1730.0       9.3      21.9      64.7     277.3
    1735.0       9.3      22.0      64.9     278.4
    1740.0       9.3      22.0      65.2     279.5
    1745.0       9.3      22.1      65.4     280.6
    1750.0       9.3      22.1      65.7     281.7
    1755.0       9.4      22.2      65.9     282.8
    1760.0       9.4      22.2      66.1     283.9
    1765.0       9.4      22.3      66.4     285.0
    1770.0       9.4      22.3      66.6     286.1
    1775.0       9.4      22.4      66.9     287.2
    1780.0       9.4      22.4      67.1     288.3
    1785.0       9.4      22.5      67.3     289.4
    1790.0       9.4      22.5      67.6     290.5
    1795.0       9.5      22.6      67.8     291.6
    1800.0       9.5      22.6      68.0     292.8
    1805.0       9.5      22.7      68.3     293.9
    1810.0       9.5      22.7      68.5     295.0
    1815.0       9.5      22.7      68.8     296.1
    1820.0       9.5      22.8      69.0     297.3
    1825.0       9.5      22.8      69.3     298.4
    1830.0       9.6      22.9      69.5     299.5
    1835.0       9.6      22.9      69.7     300.7
    1840.0       9.6      23.0      70.0     301.8
    1845.0       9.6      23.0      70.2     302.9
    1850.0       9.6      23.1      70.5     304.1
    1855.0       9.6      23.1      70.7     305.2
    1860.0       9.6      23.2      71.0     306.3
    1865.0       9.7      23.2      71.2     307.5
    1870.0       9.7      23.3      71.4     308.6
    1875.0       9.7      23.3      71.7     309.8
    1880.0       9.7      23.4      71.9     310.9
    1885.0       9.7      23.4      72.2     312.1
    1890.0       9.7      23.5      72.4     313.2
    1895.0       9.7      23.5      72.7     314.4
    1900.0       9.7      23.6      72.9     315.5
    1905.0       9.8      23.6      73.2     316.6
    1910.0       9.8      23.7      73.4     317.8
    1915.0       9.8      23.7      73.7     318.9
    1920.0       9.8      23.8      73.9     320.1
    1925.0       9.8      23.8      74.2     321.2
    1930.0       9.8      23.9      74.4     322.4
    1935.0       9.8      23.9      74.7     323.5
    1940.0       9.9      23.9      74.9     324.7
    1945.0       9.9      24.0      75.1     325.8
    1950.0       9.9      24.0      75.4     327.0
    1955.0       9.9      24.1      75.6     328.2
    1960.0       9.9      24.1      75.9     329.3
    1965.0       9.9      24.2      76.1     330.5
    1970.0       9.9      24.2      76.4     331.7
    1975.0       9.9      24.3      76.6     332.8
    1980.0      10.0      24.3      76.9     334.0
    1985.0      10.0      24.4      77.2     335.1
    1990.0      10.0      24.4      77.4     336.3
    1995.0      10.0      24.5      77.7     337.5
    2495.0      11.3      29.1     104.3     463.7
    2995.0      12.4      33.6     133.6     605.9
    3495.0      13.6      38.1     165.4     761.4
    3995.0      14.6      42.4     199.7     931.9
    4495.0      15.6      46.7     236.3    1116.6
    4995.0      16.6      50.9     275.1    1315.7
    5495.0      17.6      55.1     316.1    1528.7
    5995.0      18.5      59.2     359.2    1755.7
    6495.0      19.4      63.3     404.3    1996.3
    6995.0      20.3      67.3     451.4    2250.7
    7495.0      21.2      71.3     500.4    2518.2
    7995.0      22.1      75.3     551.3    2798.9
    8495.0      22.9      79.2     604.1    3092.2
    8995.0      23.8      83.1     658.7    3398.2
    9495.0      24.6      87.0     715.1    3716.1
    9995.0      25.4      90.8     773.2    4046.4
   10495.0      26.2      94.6     833.1    4388.6
   10995.0      27.0      98.4     894.7    4742.9
   11495.0      27.8     102.2     958.0    5109.4
   11995.0      28.5     106.0    1023.0    5487.7
   12495.0      29.3     109.7    1089.5    5877.0
   12995.0      30.1     113.4    1157.8    6278.0
   13495.0      30.8     117.1    1227.6    6690.8
   13995.0      31.6     120.8    1299.0    7115.2
   14495.0      32.3     124.5    1371.9    7551.3
   14995.0      33.0     128.2    1446.5    7998.9
   15495.0      33.7     131.8    1522.5    8458.1
   15995.0      34.5     135.4    1600.1    8928.4
   16495.0      35.2     139.1    1679.2    9408.3
   16995.0      35.9     142.7    1759.8    9899.4
   17495.0      36.6     146.3    1841.9   10401.7
   17995.0      37.3     149.8    1925.4   10915.0
   18495.0      38.0     153.4    2010.4   11439.5
   18995.0      38.7     157.0    2096.8   11974.9
   19495.0      39.3     160.5    2184.7   12521.4
   19995.0      40.0     164.0    2274.0   13078.7
   20495.0      40.7     167.6    2364.7   13646.1
   20995.0      41.4     171.1    2456.8   14224.3
   21495.0      42.0     174.6    2550.3   14813.2
   21995.0      42.7     178.1    2645.2   15412.9
   22495.0      43.4     181.6    2741.5   16023.3
   22995.0      44.0     185.1    2839.1   16644.3
   23495.0      44.7     188.5    2938.0   17276.1
   23995.0      45.3     192.0    3038.4   17918.4
   24495.0      46.0     195.4    3140.0   18571.4
   24995.0      46.6     198.9    3243.0   19234.9
   25495.0      47.2     202.3    3347.3   19909.0
   25995.0      47.9     205.8    3452.9   20593.6
   26495.0      48.5     209.2    3559.8   21288.7
   26995.0      49.1     212.6    3668.1   21994.3
   27495.0      49.8     216.0    3777.6   22710.3
   27995.0      50.4     219.4    3888.4   23436.8
   28495.0      51.0     222.8    4000.4   24173.6
   28995.0      51.6     226.2    4113.8   24920.8
   29495.0      52.2     229.6    4228.3   25678.3
   29995.0      52.8     233.0    4344.2   26446.2
   30495.0      53.4     236.3    4460.5   27218.1
   30995.0      54.0     239.7    4576.9   27990.1
   31495.0      54.7     243.1    4693.2   28762.1
   31995.0      55.3     246.5    4809.6   29534.1
   32495.0      55.9     249.8    4925.9   30306.0
   32995.0      56.5     253.2    5042.3   31078.0
   33495.0      57.1     256.6    5158.6   31850.0
   33995.0      57.7     260.0    5274.9   32622.0
   34495.0      58.3     263.3    5391.3   33394.0
   34995.0      58.9     266.7    5507.6   34165.9
   35495.0      59.5     270.1    5624.0   34937.9
   35995.0      60.1     273.5    5740.3   35709.9
   36495.0      60.7     276.8    5856.7   36481.9
   36995.0      61.3     280.2    5973.0   37253.8
   37495.0      62.0     283.6    6089.3   38025.8
   37995.0      62.6     287.0    6205.7   38797.8
   38495.0      63.2     290.3    6322.0   39569.8
   38995.0      63.8     293.7    6438.4   40341.7
   39495.0      64.4     297.1    6554.7   41113.7
   39995.0      65.0     300.5    6671.1   41885.7
   40495.0      65.6     303.8    6787.4   42657.7
   40995.0      66.2     307.2    6903.7   43429.7
   41495.0      66.8     310.6    7020.1   44201.6
   41995.0      67.4     314.0    7136.4   44973.6
   42495.0      68.0     317.3    7252.8   45745.6
   42995.0      68.6     320.7    7369.1   46517.6
   43495.0      69.3     324.1    7485.5   47289.5
   43995.0      69.9     327.5    7601.8   48061.5
   44495.0      70.5     330.8    7718.2   48833.5
   44995.0      71.1     334.2    7834.5   49605.5
   45495.0      71.7     337.6    7950.8   50377.4
   45995.0      72.3     341.0    8067.2   51149.4
   46495.0      72.9     344.3    8183.5   51921.4
   46995.0      73.5     347.7    8299.9   52693.4
   47495.0      74.1     351.1    8416.2   53465.4
   47995.0      74.7     354.5    8532.6   54237.3
   48495.0      75.3     357.8    8648.9   55009.3
   48995.0      75.9     361.2    8765.2   55781.3
   49495.0      76.6     364.6    8881.6   56553.3
   49995.0      77.2     368.0    8997.9   57325.2
   50495.0      77.8     371.3    9114.3   58097.2
   50995.0      78.4     374.7    9230.6   58869.2
   51495.0      79.0     378.1    9347.0   59641.2
   51995.0      79.6     381.5    9463.3   60413.2
   52495.0      80.2     384.8    9579.7   61185.1
   52995.0      80.8     388.2    9696.0   61957.1
   53495.0      81.4     391.6    9812.3   62729.1
   53995.0      82.0     395.0    9928.7   63501.1
   54495.0      82.6     398.3   10045.0   64273.0
   54995.0      83.2     401.7   10161.4   65045.0
   55495.0      83.8     405.1   10277.7   65817.0
   55995.0      84.5     408.5   10394.1   66589.0
   56495.0      85.1     411.8   10510.4   67360.9
   56995.0      85.7     415.2   10626.7   68132.9
   57495.0      86.3     418.6   10743.1   68904.9
   57995.0      86.9     422.0   10859.4   69676.9
   58495.0      87.5     425.3   10975.8   70448.9
   58995.0      88.1     428.7   11092.1   71220.8
   59495.0      88.7     432.1   11208.5   71992.8
   59995.0      89.3     435.5   11324.8   72764.8
   60495.0      89.9     438.8   11441.2   73536.8
   60995.0      90.5     442.2   11557.5   74308.7
   61495.0      91.1     445.6   11673.8   75080.7
   61995.0      91.8     449.0   11790.2   75852.7
   62495.0      92.4     452.3   11906.5   76624.7
   62995.0      93.0     455.7   12022.9   77396.7
   63495.0      93.6     459.1   12139.2   78168.6
   63995.0      94.2     462.5   12255.6   78940.6
   64495.0      94.8     465.8   12371.9   79712.6
   64995.0      95.4     469.2   12488.2   80484.6
   65495.0      96.0     472.6   12604.6   81256.5
   65995.0      96.6     476.0   12720.9   82028.5
   66495.0      97.2     479.3   12837.3   82800.5
   66995.0      97.8     482.7   12953.6   83572.5
   67495.0      98.4     486.1   13070.0   84344.4
   67995.0      99.1     489.5   13186.3   85116.4
   68495.0      99.7     492.8   13302.6   85888.4
   68995.0     100.3     496.2   13419.0   86660.4
   69495.0     100.9     499.6   13535.3   87432.4
   69995.0     101.5     503.0   13651.7   88204.3
   70495.0     102.1     506.3   13768.0   88976.3
   70995.0     102.7     509.7   13884.4   89748.3
   71495.0     103.3     513.1   14000.7   90520.3
   71995.0     103.9     516.5   14117.1   91292.2
   72495.0     104.5     519.8   14233.4   92064.2
   72995.0     105.1     523.2   14349.7   92836.2
   73495.0     105.7     526.6   14466.1   93608.2
   73995.0     106.4     530.0   14582.4   94380.1
   74495.0     107.0     533.3   14698.8   95152.1
   74995.0     107.6     536.7   14815.1   95924.1
   75495.0     108.2     540.1   14931.5   96696.1
   75995.0     108.8     543.5   15047.8   97468.1
   76495.0     109.4     546.8   15164.1   98240.0
   76995.0     110.0     550.2   15280.5   99012.0
   77495.0     110.6     553.6   15396.8   99784.0
   77995.0     111.2     557.0   15513.2  100556.0
   78495.0     111.8     560.3   15629.5  101327.9
   78995.0     112.4     563.7   15745.9  102099.9
   79495.0     113.0     567.1   15862.2  102871.9
   79995.0     113.7     570.5   15978.6  103643.9
   80495.0     114.3     573.8   16094.9  104415.9
   80995.0     114.9     577.2   16211.2  105187.8
   81495.0     115.5     580.6   16327.6  105959.8
   81995.0     116.1     584.0   16443.9  106731.8
   82495.0     116.7     587.3   16560.3  107503.8
   82995.0     117.3     590.7   16676.6  108275.7
   83495.0     117.9     594.1   16793.0  109047.7
   83995.0     118.5     597.5   16909.3  109819.7
   84495.0     119.1     600.9   17025.6  110591.7
   84995.0     119.7     604.2   17142.0  111363.6
   85495.0     120.3     607.6   17258.3  112135.6
   85995.0     120.9     611.0   17374.7  112907.6
   86495.0     121.6     614.4   17491.0  113679.6
   86995.0     122.2     617.7   17607.4  114451.6
   87495.0     122.8     621.1   17723.7  115223.5
   87995.0     123.4     624.5   17840.0  115995.5
   88495.0     124.0     627.9   17956.4  116767.5
   88995.0     124.6     631.2   18072.7  117539.5
   89495.0     125.2     634.6   18189.1  118311.4
   89995.0     125.8     638.0   18305.4  119083.4
   90495.0     126.4     641.4   18421.8  119855.4
   90995.0     127.0     644.7   18538.1  120627.4
   91495.0     127.6     648.1   18654.5  121399.3
   91995.0     128.2     651.5   18770.8  122171.3
   92495.0     128.9     654.9   18887.1  122943.3
   92995.0     129.5     658.2   19003.5  123715.3
   93495.0     130.1     661.6   19119.8  124487.3
   93995.0     130.7     665.0   19236.2  125259.2
   94495.0     131.3     668.4   19352.5  126031.2
   94995.0     131.9     671.7   19468.9  126803.2
   95495.0     132.5     675.1   19585.2  127575.2
   95995.0     133.1     678.5   19701.5  128347.1
   96495.0     133.7     681.9   19817.9  129119.1
   96995.0     134.3     685.2   19934.2  129891.1
   97495.0     134.9     688.6   20050.6  130663.1
   97995.0     135.5     692.0   20166.9  131435.1
   98495.0     136.2     695.4   20283.3  132207.0
   98995.0     136.8     698.7   20399.6  132979.0
   99495.0     137.4     702.1   20516.0  133751.0
