# Characteristic  Pathlengths (in Angstroem) for Electron Transport in Al
#
# ener(eV)      EMFP      IMFP     TRMFP      LNRG   
       5.0      11.5     594.8      19.8       0.1
      10.0       9.0     367.6      14.2       0.1
      15.0       7.0     244.9      10.7       0.1
      20.0       5.8     155.4       8.6       0.1
      25.0       5.2      28.6       7.4       0.1
      30.0       4.8       5.3       6.7       0.1
      35.0       4.5       4.2       6.4       0.1
      40.0       4.4       4.0       6.2       0.1
      45.0       4.3       3.9       6.2       1.2
      50.0       4.3       3.9       6.2       2.4
      55.0       4.3       3.9       6.4       3.6
      60.0       4.4       4.0       6.5       4.8
      65.0       4.4       4.1       6.7       6.0
      70.0       4.5       4.2       7.0       7.2
      75.0       4.5       4.3       7.2       8.4
      80.0       4.6       4.4       7.5       9.7
      85.0       4.6       4.5       7.8      10.9
      90.0       4.7       4.7       8.1      12.2
      95.0       4.8       4.8       8.4      13.5
     100.0       4.9       4.9       8.7      14.8
     105.0       4.9       5.0       9.1      16.1
     110.0       5.0       5.2       9.4      17.4
     115.0       5.1       5.3       9.8      18.8
     120.0       5.2       5.4      10.2      20.1
     125.0       5.3       5.6      10.5      21.5
     130.0       5.3       5.7      10.9      22.9
     135.0       5.4       5.8      11.3      24.3
     140.0       5.5       5.9      11.7      25.7
     145.0       5.6       6.1      12.1      27.1
     150.0       5.7       6.2      12.5      28.5
     155.0       5.7       6.3      12.9      29.9
     160.0       5.8       6.4      13.4      31.3
     165.0       5.9       6.6      13.8      32.7
     170.0       6.0       6.7      14.2      34.1
     175.0       6.1       6.8      14.7      35.5
     180.0       6.1       6.9      15.1      36.9
     185.0       6.2       7.0      15.6      38.4
     190.0       6.3       7.1      16.0      39.8
     195.0       6.4       7.3      16.5      41.2
     200.0       6.5       7.4      17.0      42.6
     205.0       6.5       7.5      17.5      44.1
     210.0       6.6       7.6      17.9      45.5
     215.0       6.7       7.7      18.4      46.9
     220.0       6.8       7.8      18.9      48.4
     225.0       6.8       7.9      19.4      49.8
     230.0       6.9       8.0      19.9      51.3
     235.0       7.0       8.1      20.4      52.7
     240.0       7.1       8.2      20.9      54.2
     245.0       7.1       8.3      21.4      55.6
     250.0       7.2       8.4      22.0      57.1
     255.0       7.3       8.5      22.5      58.5
     260.0       7.4       8.6      23.0      60.0
     265.0       7.4       8.7      23.5      61.5
     270.0       7.5       8.8      24.1      62.9
     275.0       7.6       8.9      24.6      64.4
     280.0       7.7       9.0      25.2      65.9
     285.0       7.7       9.1      25.7      67.3
     290.0       7.8       9.2      26.3      68.8
     295.0       7.9       9.3      26.8      70.3
     300.0       8.0       9.4      27.4      71.8
     305.0       8.0       9.5      28.0      73.3
     310.0       8.1       9.6      28.5      74.8
     315.0       8.2       9.7      29.1      76.2
     320.0       8.2       9.8      29.7      77.7
     325.0       8.3       9.9      30.3      79.2
     330.0       8.4      10.0      30.9      80.7
     335.0       8.5      10.1      31.5      82.2
     340.0       8.5      10.2      32.1      83.8
     345.0       8.6      10.3      32.7      85.3
     350.0       8.7      10.4      33.3      86.8
     355.0       8.7      10.5      33.9      88.3
     360.0       8.8      10.6      34.5      89.8
     365.0       8.9      10.7      35.1      91.4
     370.0       8.9      10.8      35.7      92.9
     375.0       9.0      10.9      36.4      94.4
     380.0       9.1      11.0      37.0      96.0
     385.0       9.1      11.1      37.6      97.6
     390.0       9.2      11.2      38.3      99.1
     395.0       9.3      11.3      38.9     100.7
     400.0       9.3      11.4      39.6     102.3
     405.0       9.4      11.5      40.2     103.9
     410.0       9.5      11.6      40.9     105.5
     415.0       9.6      11.7      41.5     107.1
     420.0       9.6      11.8      42.2     108.7
     425.0       9.7      11.9      42.9     110.3
     430.0       9.8      12.0      43.5     111.9
     435.0       9.8      12.1      44.2     113.6
     440.0       9.9      12.2      44.9     115.2
     445.0       9.9      12.3      45.6     116.8
     450.0      10.0      12.4      46.2     118.3
     455.0      10.1      12.5      46.9     119.9
     460.0      10.1      12.6      47.6     121.6
     465.0      10.2      12.7      48.3     123.2
     470.0      10.3      12.8      49.0     124.8
     475.0      10.3      12.9      49.7     126.4
     480.0      10.4      12.9      50.4     128.1
     485.0      10.5      13.0      51.1     129.7
     490.0      10.5      13.1      51.9     131.3
     495.0      10.6      13.2      52.6     133.0
     500.0      10.7      13.3      53.3     134.6
     505.0      10.7      13.4      54.0     136.3
     510.0      10.8      13.5      54.7     138.0
     515.0      10.9      13.6      55.5     139.6
     520.0      10.9      13.7      56.2     141.3
     525.0      11.0      13.7      57.0     143.0
     530.0      11.0      13.8      57.7     144.7
     535.0      11.1      13.9      58.4     146.4
     540.0      11.2      14.0      59.2     148.1
     545.0      11.2      14.1      60.0     149.8
     550.0      11.3      14.2      60.7     151.5
     555.0      11.4      14.3      61.5     153.2
     560.0      11.4      14.4      62.2     154.9
     565.0      11.5      14.5      63.0     156.6
     570.0      11.5      14.6      63.8     158.3
     575.0      11.6      14.7      64.5     160.0
     580.0      11.7      14.8      65.3     161.8
     585.0      11.7      14.9      66.1     163.5
     590.0      11.8      14.9      66.9     165.2
     595.0      11.9      15.0      67.7     167.0
     600.0      11.9      15.1      68.5     168.7
     605.0      12.0      15.2      69.3     170.5
     610.0      12.0      15.3      70.1     172.2
     615.0      12.1      15.4      70.9     174.0
     620.0      12.2      15.5      71.7     175.8
     625.0      12.2      15.6      72.5     177.6
     630.0      12.3      15.7      73.3     179.3
     635.0      12.3      15.8      74.1     181.1
     640.0      12.4      15.9      74.9     182.9
     645.0      12.5      15.9      75.8     184.7
     650.0      12.5      16.0      76.6     186.6
     655.0      12.6      16.1      77.4     188.4
     660.0      12.6      16.2      78.3     190.2
     665.0      12.7      16.3      79.1     192.0
     670.0      12.8      16.4      79.9     193.9
     675.0      12.8      16.5      80.8     195.7
     680.0      12.9      16.6      81.6     197.6
     685.0      12.9      16.7      82.5     199.4
     690.0      13.0      16.8      83.3     201.3
     695.0      13.1      16.9      84.2     203.2
     700.0      13.1      16.9      85.1     205.1
     705.0      13.2      17.0      85.9     206.9
     710.0      13.2      17.1      86.8     208.8
     715.0      13.3      17.2      87.7     210.7
     720.0      13.4      17.3      88.5     212.6
     725.0      13.4      17.4      89.4     214.6
     730.0      13.5      17.5      90.3     216.5
     735.0      13.5      17.6      91.2     218.4
     740.0      13.6      17.7      92.1     220.3
     745.0      13.6      17.8      93.0     222.2
     750.0      13.7      17.9      93.8     224.1
     755.0      13.8      17.9      94.7     226.0
     760.0      13.8      18.0      95.6     227.9
     765.0      13.9      18.1      96.6     229.8
     770.0      13.9      18.2      97.5     231.7
     775.0      14.0      18.3      98.4     233.6
     780.0      14.1      18.4      99.3     235.6
     785.0      14.1      18.5     100.2     237.5
     790.0      14.2      18.5     101.1     239.4
     795.0      14.2      18.6     102.0     241.4
     800.0      14.3      18.7     103.0     243.3
     805.0      14.3      18.8     103.9     245.3
     810.0      14.4      18.9     104.8     247.3
     815.0      14.5      19.0     105.8     249.2
     820.0      14.5      19.1     106.7     251.2
     825.0      14.6      19.1     107.7     253.2
     830.0      14.6      19.2     108.6     255.2
     835.0      14.7      19.3     109.5     257.2
     840.0      14.7      19.4     110.5     259.2
     845.0      14.8      19.5     111.5     261.2
     850.0      14.9      19.6     112.4     263.2
     855.0      14.9      19.7     113.4     265.2
     860.0      15.0      19.8     114.4     267.3
     865.0      15.0      19.8     115.3     269.3
     870.0      15.1      19.9     116.3     271.3
     875.0      15.1      20.0     117.3     273.4
     880.0      15.2      20.1     118.3     275.4
     885.0      15.3      20.2     119.2     277.5
     890.0      15.3      20.3     120.2     279.5
     895.0      15.4      20.4     121.2     281.6
     900.0      15.4      20.5     122.2     283.7
     905.0      15.5      20.5     123.2     285.8
     910.0      15.5      20.6     124.2     287.9
     915.0      15.6      20.7     125.2     289.9
     920.0      15.6      20.8     126.2     292.1
     925.0      15.7      20.9     127.2     294.2
     930.0      15.8      21.0     128.2     296.3
     935.0      15.8      21.1     129.2     298.4
     940.0      15.9      21.2     130.2     300.5
     945.0      15.9      21.2     131.3     302.6
     950.0      16.0      21.3     132.3     304.7
     955.0      16.0      21.4     133.3     306.8
     960.0      16.1      21.5     134.3     309.0
     965.0      16.1      21.6     135.4     311.1
     970.0      16.2      21.7     136.4     313.2
     975.0      16.3      21.8     137.5     315.4
     980.0      16.3      21.8     138.5     317.5
     985.0      16.4      21.9     139.5     319.7
     990.0      16.4      22.0     140.6     321.8
     995.0      16.5      22.1     141.6     324.0
    1000.0      16.5      22.2     142.7     326.2
    1005.0      16.6      22.3     143.8     328.4
    1010.0      16.6      22.3     144.8     330.6
    1015.0      16.7      22.4     145.9     332.8
    1020.0      16.8      22.5     147.0     335.1
    1025.0      16.8      22.6     148.1     337.3
    1030.0      16.9      22.7     149.1     339.5
    1035.0      16.9      22.8     150.2     341.7
    1040.0      17.0      22.9     151.3     343.9
    1045.0      17.0      22.9     152.3     346.1
    1050.0      17.1      23.0     153.4     348.4
    1055.0      17.1      23.1     154.5     350.7
    1060.0      17.2      23.2     155.6     352.9
    1065.0      17.2      23.3     156.7     355.2
    1070.0      17.3      23.4     157.8     357.5
    1075.0      17.4      23.5     158.9     359.8
    1080.0      17.4      23.5     160.0     362.0
    1085.0      17.5      23.6     161.1     364.3
    1090.0      17.5      23.7     162.2     366.6
    1095.0      17.6      23.8     163.3     368.8
    1100.0      17.6      23.9     164.5     371.2
    1105.0      17.7      24.0     165.6     373.5
    1110.0      17.7      24.0     166.7     375.8
    1115.0      17.8      24.1     167.9     378.1
    1120.0      17.8      24.2     169.0     380.5
    1125.0      17.9      24.3     170.1     382.8
    1130.0      18.0      24.4     171.3     385.1
    1135.0      18.0      24.5     172.4     387.4
    1140.0      18.1      24.6     173.5     389.7
    1145.0      18.1      24.6     174.6     392.1
    1150.0      18.2      24.7     175.8     394.4
    1155.0      18.2      24.8     177.0     396.8
    1160.0      18.3      24.9     178.1     399.2
    1165.0      18.3      25.0     179.3     401.6
    1170.0      18.4      25.1     180.5     403.9
    1175.0      18.4      25.1     181.6     406.3
    1180.0      18.5      25.2     182.8     408.7
    1185.0      18.5      25.3     183.9     411.1
    1190.0      18.6      25.4     185.1     413.4
    1195.0      18.6      25.5     186.3     415.8
    1200.0      18.7      25.6     187.5     418.3
    1205.0      18.8      25.6     188.6     420.7
    1210.0      18.8      25.7     189.8     423.1
    1215.0      18.9      25.8     191.0     425.6
    1220.0      18.9      25.9     192.2     428.0
    1225.0      19.0      26.0     193.4     430.4
    1230.0      19.0      26.1     194.6     432.9
    1235.0      19.1      26.1     195.8     435.3
    1240.0      19.1      26.2     197.0     437.7
    1245.0      19.2      26.3     198.2     440.2
    1250.0      19.2      26.4     199.4     442.6
    1255.0      19.3      26.5     200.6     445.1
    1260.0      19.3      26.6     201.8     447.6
    1265.0      19.4      26.6     203.1     450.1
    1270.0      19.4      26.7     204.3     452.6
    1275.0      19.5      26.8     205.5     455.1
    1280.0      19.6      26.9     206.7     457.6
    1285.0      19.6      27.0     208.0     460.1
    1290.0      19.7      27.1     209.2     462.6
    1295.0      19.7      27.1     210.4     465.1
    1300.0      19.8      27.2     211.7     467.6
    1305.0      19.8      27.3     212.9     470.1
    1310.0      19.9      27.4     214.2     472.7
    1315.0      19.9      27.5     215.4     475.2
    1320.0      20.0      27.6     216.7     477.8
    1325.0      20.0      27.6     217.9     480.3
    1330.0      20.1      27.7     219.2     482.9
    1335.0      20.1      27.8     220.4     485.4
    1340.0      20.2      27.9     221.7     487.9
    1345.0      20.2      28.0     222.9     490.5
    1350.0      20.3      28.1     224.2     493.1
    1355.0      20.3      28.1     225.5     495.7
    1360.0      20.4      28.2     226.8     498.3
    1365.0      20.4      28.3     228.0     500.9
    1370.0      20.5      28.4     229.3     503.5
    1375.0      20.5      28.5     230.6     506.1
    1380.0      20.6      28.5     231.9     508.7
    1385.0      20.7      28.6     233.2     511.3
    1390.0      20.7      28.7     234.5     513.9
    1395.0      20.8      28.8     235.7     516.5
    1400.0      20.8      28.9     237.1     519.1
    1405.0      20.9      29.0     238.4     521.8
    1410.0      20.9      29.0     239.7     524.4
    1415.0      21.0      29.1     241.0     527.1
    1420.0      21.0      29.2     242.3     529.7
    1425.0      21.1      29.3     243.6     532.4
    1430.0      21.1      29.4     244.9     535.0
    1435.0      21.2      29.4     246.2     537.7
    1440.0      21.2      29.5     247.5     540.3
    1445.0      21.3      29.6     248.9     543.0
    1450.0      21.3      29.7     250.2     545.7
    1455.0      21.4      29.8     251.5     548.4
    1460.0      21.4      29.9     252.9     551.1
    1465.0      21.5      29.9     254.2     553.8
    1470.0      21.5      30.0     255.6     556.5
    1475.0      21.6      30.1     256.9     559.3
    1480.0      21.6      30.2     258.2     562.0
    1485.0      21.7      30.3     259.6     564.7
    1490.0      21.7      30.3     260.9     567.4
    1495.0      21.8      30.4     262.3     570.1
    1500.0      21.8      30.5     263.6     572.9
    1505.0      21.9      30.6     265.0     575.6
    1510.0      22.0      30.7     266.4     578.4
    1515.0      22.0      30.7     267.7     581.1
    1520.0      22.1      30.8     269.1     583.9
    1525.0      22.1      30.9     270.5     586.7
    1530.0      22.2      31.0     271.9     589.4
    1535.0      22.2      31.1     273.2     592.2
    1540.0      22.3      31.2     274.6     595.0
    1545.0      22.3      31.2     276.0     597.7
    1550.0      22.4      31.3     277.4     600.5
    1555.0      22.4      31.4     278.8     603.3
    1560.0      22.5      31.5     280.2     606.2
    1565.0      22.5      31.6     281.6     609.0
    1570.0      22.6      31.6     283.0     611.8
    1575.0      22.6      31.7     284.4     614.6
    1580.0      22.7      31.8     285.8     617.4
    1585.0      22.7      31.9     287.2     620.2
    1590.0      22.8      32.0     288.6     623.1
    1595.0      22.8      32.0     290.0     625.9
    1600.0      22.9      32.1     291.4     628.8
    1605.0      22.9      32.2     292.8     631.6
    1610.0      23.0      32.3     294.2     634.5
    1615.0      23.0      32.4     295.7     637.4
    1620.0      23.1      32.4     297.1     640.2
    1625.0      23.1      32.5     298.5     643.1
    1630.0      23.2      32.6     299.9     646.0
    1635.0      23.2      32.7     301.4     648.9
    1640.0      23.3      32.8     302.8     651.7
    1645.0      23.3      32.8     304.2     654.6
    1650.0      23.4      32.9     305.7     657.5
    1655.0      23.4      33.0     307.1     660.5
    1660.0      23.5      33.1     308.6     663.4
    1665.0      23.5      33.2     310.1     666.3
    1670.0      23.6      33.2     311.5     669.2
    1675.0      23.6      33.3     313.0     672.2
    1680.0      23.7      33.4     314.4     675.1
    1685.0      23.7      33.5     315.9     678.0
    1690.0      23.8      33.6     317.3     681.0
    1695.0      23.8      33.7     318.8     683.9
    1700.0      23.9      33.7     320.3     686.9
    1705.0      24.0      33.8     321.8     689.8
    1710.0      24.0      33.9     323.3     692.8
    1715.0      24.1      34.0     324.7     695.8
    1720.0      24.1      34.1     326.2     698.8
    1725.0      24.2      34.1     327.7     701.8
    1730.0      24.2      34.2     329.2     704.7
    1735.0      24.3      34.3     330.7     707.7
    1740.0      24.3      34.4     332.2     710.7
    1745.0      24.4      34.4     333.7     713.7
    1750.0      24.4      34.5     335.2     716.7
    1755.0      24.5      34.6     336.7     719.8
    1760.0      24.5      34.7     338.2     722.8
    1765.0      24.6      34.8     339.7     725.8
    1770.0      24.6      34.8     341.2     728.9
    1775.0      24.7      34.9     342.7     731.9
    1780.0      24.7      35.0     344.3     734.9
    1785.0      24.8      35.1     345.8     738.0
    1790.0      24.8      35.2     347.3     741.0
    1795.0      24.9      35.2     348.8     744.0
    1800.0      24.9      35.3     350.3     747.1
    1805.0      25.0      35.4     351.9     750.2
    1810.0      25.0      35.5     353.4     753.3
    1815.0      25.1      35.6     355.0     756.4
    1820.0      25.1      35.6     356.5     759.5
    1825.0      25.2      35.7     358.1     762.6
    1830.0      25.2      35.8     359.6     765.7
    1835.0      25.3      35.9     361.1     768.7
    1840.0      25.3      36.0     362.7     771.8
    1845.0      25.4      36.0     364.2     774.9
    1850.0      25.4      36.1     365.8     778.1
    1855.0      25.5      36.2     367.4     781.2
    1860.0      25.5      36.3     368.9     784.4
    1865.0      25.6      36.4     370.5     787.5
    1870.0      25.6      36.4     372.1     790.6
    1875.0      25.7      36.5     373.6     793.8
    1880.0      25.7      36.6     375.2     796.9
    1885.0      25.8      36.7     376.8     800.1
    1890.0      25.8      36.7     378.4     803.2
    1895.0      25.9      36.8     379.9     806.4
    1900.0      25.9      36.9     381.5     809.6
    1905.0      26.0      37.0     383.1     812.8
    1910.0      26.0      37.1     384.7     815.9
    1915.0      26.1      37.1     386.3     819.1
    1920.0      26.1      37.2     387.9     822.3
    1925.0      26.2      37.3     389.5     825.5
    1930.0      26.2      37.4     391.1     828.7
    1935.0      26.3      37.5     392.7     831.9
    1940.0      26.3      37.5     394.3     835.1
    1945.0      26.4      37.6     395.9     838.3
    1950.0      26.4      37.7     397.6     841.6
    1955.0      26.5      37.8     399.2     844.8
    1960.0      26.5      37.9     400.8     848.1
    1965.0      26.6      37.9     402.4     851.3
    1970.0      26.6      38.0     404.1     854.6
    1975.0      26.7      38.1     405.7     857.8
    1980.0      26.7      38.2     407.3     861.1
    1985.0      26.8      38.2     408.9     864.3
    1990.0      26.8      38.3     410.6     867.6
    1995.0      26.9      38.4     412.2     870.8
    2495.0      31.8      46.1     590.1    1227.6
    2995.0      36.7      53.6     795.1    1636.4
    3495.0      41.5      61.0    1026.3    2095.3
    3995.0      46.3      68.2    1283.1    2601.3
    4495.0      51.0      75.3    1564.9    3153.4
    4995.0      55.7      82.3    1871.3    3751.2
    5495.0      60.4      89.3    2201.8    4391.2
    5995.0      65.0      96.1    2556.0    5074.8
    6495.0      69.7     102.9    2933.5    5800.3
    6995.0      74.3     109.6    3334.1    6568.2
    7495.0      78.9     116.3    3757.3    7377.2
    7995.0      83.5     122.9    4203.0    8227.7
    8495.0      88.0     129.4    4670.7    9118.7
    8995.0      92.5     135.9    5160.4   10050.4
    9495.0      97.1     142.4    5671.6   11022.5
    9995.0     101.6     148.9    6204.3   12034.6
   10495.0     106.1     155.3    6758.1   13085.4
   10995.0     110.5     161.6    7332.9   14175.5
   11495.0     115.0     168.0    7928.5   15304.8
   11995.0     119.4     174.3    8544.6   16473.0
   12495.0     123.8     180.5    9181.1   17679.2
   12995.0     128.2     186.8    9837.8   18923.8
   13495.0     132.6     193.0   10514.6   20206.6
   13995.0     137.0     199.2   11211.2   21527.3
   14495.0     141.4     205.4   11927.5   22885.4
   14995.0     145.7     211.5   12663.4   24281.2
   15495.0     150.0     217.6   13418.6   25714.3
   15995.0     154.4     223.7   14193.1   27184.6
   16495.0     158.7     229.8   14986.7   28691.8
   16995.0     163.0     235.9   15799.3   30235.8
   17495.0     167.2     241.9   16630.8   31816.7
   17995.0     171.5     247.9   17480.9   33434.0
   18495.0     175.7     253.9   18349.6   35087.7
   18995.0     180.0     259.9   19236.7   36777.7
   19495.0     184.2     265.9   20142.2   38503.9
   19995.0     188.4     271.8   21065.9   40266.0
   20495.0     192.6     277.8   22007.7   42064.0
   20995.0     196.7     283.7   22967.5   43897.8
   21495.0     200.9     289.6   23945.1   45767.3
   21995.0     205.0     295.5   24940.5   47672.2
   22495.0     209.2     301.4   25953.5   49612.6
   22995.0     213.3     307.3   26984.0   51588.4
   23495.0     217.4     313.1   28032.0   53599.4
   23995.0     221.5     318.9   29097.4   55645.4
   24495.0     225.5     324.8   30179.9   57726.6
   24995.0     229.6     330.6   31279.6   59842.6
   25495.0     233.6     336.4   32396.4   61993.5
   25995.0     237.7     342.2   33530.0   64179.1
   26495.0     241.7     348.0   34680.6   66399.4
   26995.0     245.7     353.7   35847.9   68654.2
   27495.0     249.7     359.5   37031.8   70943.5
   27995.0     253.7     365.2   38232.4   73267.2
   28495.0     257.7     371.0   39449.4   75625.2
   28995.0     261.6     376.7   40682.8   78017.5
   29495.0     265.6     382.4   41932.6   80443.9
   29995.0     269.5     388.1   43198.5   82904.4
   30495.0     273.4     393.8   44471.0   85378.5
   30995.0     277.3     399.5   45743.4   87852.6
   31495.0     281.3     405.2   47015.9   90326.7
   31995.0     285.2     410.9   48288.4   92800.8
   32495.0     289.1     416.6   49560.8   95274.9
   32995.0     293.0     422.3   50833.3   97749.0
   33495.0     297.0     428.0   52105.7  100223.1
   33995.0     300.9     433.7   53378.2  102697.2
   34495.0     304.8     439.4   54650.6  105171.2
   34995.0     308.7     445.1   55923.1  107645.3
   35495.0     312.7     450.8   57195.5  110119.4
   35995.0     316.6     456.5   58468.0  112593.5
   36495.0     320.5     462.2   59740.4  115067.6
   36995.0     324.4     467.9   61012.9  117541.7
   37495.0     328.3     473.6   62285.3  120015.8
   37995.0     332.3     479.3   63557.8  122489.9
   38495.0     336.2     485.0   64830.2  124964.0
   38995.0     340.1     490.7   66102.7  127438.1
   39495.0     344.0     496.4   67375.1  129912.2
   39995.0     348.0     502.1   68647.6  132386.3
   40495.0     351.9     507.8   69920.1  134860.4
   40995.0     355.8     513.5   71192.5  137334.5
   41495.0     359.7     519.2   72465.0  139808.6
   41995.0     363.7     524.9   73737.4  142282.7
   42495.0     367.6     530.6   75009.9  144756.8
   42995.0     371.5     536.3   76282.3  147230.9
   43495.0     375.4     542.0   77554.8  149705.0
   43995.0     379.4     547.7   78827.2  152179.1
   44495.0     383.3     553.4   80099.7  154653.2
   44995.0     387.2     559.1   81372.1  157127.3
   45495.0     391.1     564.8   82644.6  159601.3
   45995.0     395.1     570.5   83917.0  162075.4
   46495.0     399.0     576.2   85189.5  164549.5
   46995.0     402.9     581.9   86461.9  167023.6
   47495.0     406.8     587.6   87734.4  169497.7
   47995.0     410.8     593.4   89006.9  171971.8
   48495.0     414.7     599.1   90279.3  174445.9
   48995.0     418.6     604.8   91551.8  176920.0
   49495.0     422.5     610.5   92824.2  179394.1
   49995.0     426.5     616.2   94096.7  181868.2
   50495.0     430.4     621.9   95369.1  184342.3
   50995.0     434.3     627.6   96641.6  186816.4
   51495.0     438.2     633.3   97914.0  189290.5
   51995.0     442.2     639.0   99186.5  191764.6
   52495.0     446.1     644.7  100458.9  194238.7
   52995.0     450.0     650.4  101731.4  196712.8
   53495.0     453.9     656.1  103003.8  199186.9
   53995.0     457.8     661.8  104276.3  201661.0
   54495.0     461.8     667.5  105548.7  204135.1
   54995.0     465.7     673.2  106821.2  206609.2
   55495.0     469.6     678.9  108093.7  209083.3
   55995.0     473.5     684.6  109366.1  211557.4
   56495.0     477.5     690.3  110638.6  214031.5
   56995.0     481.4     696.0  111911.0  216505.5
   57495.0     485.3     701.7  113183.5  218979.6
   57995.0     489.2     707.4  114455.9  221453.7
   58495.0     493.2     713.1  115728.4  223927.8
   58995.0     497.1     718.8  117000.8  226401.9
   59495.0     501.0     724.5  118273.3  228876.0
   59995.0     504.9     730.2  119545.7  231350.1
   60495.0     508.9     735.9  120818.2  233824.2
   60995.0     512.8     741.6  122090.6  236298.3
   61495.0     516.7     747.3  123363.1  238772.4
   61995.0     520.6     753.0  124635.5  241246.5
   62495.0     524.6     758.7  125908.0  243720.6
   62995.0     528.5     764.4  127180.4  246194.7
   63495.0     532.4     770.1  128452.9  248668.8
   63995.0     536.3     775.8  129725.4  251142.9
   64495.0     540.3     781.5  130997.8  253617.0
   64995.0     544.2     787.2  132270.3  256091.1
   65495.0     548.1     792.9  133542.7  258565.2
   65995.0     552.0     798.6  134815.2  261039.3
   66495.0     556.0     804.3  136087.6  263513.4
   66995.0     559.9     810.0  137360.1  265987.5
   67495.0     563.8     815.7  138632.5  268461.6
   67995.0     567.7     821.4  139905.0  270935.6
   68495.0     571.7     827.1  141177.4  273409.7
   68995.0     575.6     832.8  142449.9  275883.8
   69495.0     579.5     838.5  143722.3  278357.9
   69995.0     583.4     844.2  144994.8  280832.0
   70495.0     587.3     849.9  146267.2  283306.1
   70995.0     591.3     855.6  147539.7  285780.2
   71495.0     595.2     861.3  148812.2  288254.3
   71995.0     599.1     867.0  150084.6  290728.4
   72495.0     603.0     872.7  151357.1  293202.5
   72995.0     607.0     878.4  152629.5  295676.6
   73495.0     610.9     884.1  153902.0  298150.7
   73995.0     614.8     889.8  155174.4  300624.8
   74495.0     618.7     895.5  156446.9  303098.9
   74995.0     622.7     901.2  157719.3  305573.0
   75495.0     626.6     906.9  158991.8  308047.1
   75995.0     630.5     912.6  160264.2  310521.2
   76495.0     634.4     918.3  161536.7  312995.3
   76995.0     638.4     924.0  162809.1  315469.4
   77495.0     642.3     929.7  164081.6  317943.5
   77995.0     646.2     935.4  165354.0  320417.6
   78495.0     650.1     941.1  166626.5  322891.7
   78995.0     654.1     946.8  167899.0  325365.8
   79495.0     658.0     952.5  169171.4  327839.8
   79995.0     661.9     958.2  170443.9  330313.9
   80495.0     665.8     963.9  171716.3  332788.0
   80995.0     669.8     969.6  172988.8  335262.1
   81495.0     673.7     975.3  174261.2  337736.2
   81995.0     677.6     981.0  175533.7  340210.3
   82495.0     681.5     986.7  176806.1  342684.4
   82995.0     685.5     992.4  178078.6  345158.5
   83495.0     689.4     998.1  179351.0  347632.6
   83995.0     693.3    1003.8  180623.5  350106.7
   84495.0     697.2    1009.5  181895.9  352580.8
   84995.0     701.2    1015.2  183168.4  355054.9
   85495.0     705.1    1020.9  184440.8  357529.0
   85995.0     709.0    1026.6  185713.3  360003.1
   86495.0     712.9    1032.3  186985.7  362477.2
   86995.0     716.8    1038.0  188258.2  364951.3
   87495.0     720.8    1043.7  189530.7  367425.4
   87995.0     724.7    1049.4  190803.1  369899.5
   88495.0     728.6    1055.1  192075.6  372373.6
   88995.0     732.5    1060.8  193348.0  374847.7
   89495.0     736.5    1066.5  194620.5  377321.8
   89995.0     740.4    1072.2  195892.9  379795.9
   90495.0     744.3    1077.9  197165.4  382269.9
   90995.0     748.2    1083.6  198437.8  384744.0
   91495.0     752.2    1089.3  199710.3  387218.1
   91995.0     756.1    1095.0  200982.7  389692.2
   92495.0     760.0    1100.7  202255.2  392166.3
   92995.0     763.9    1106.4  203527.6  394640.4
   93495.0     767.9    1112.1  204800.1  397114.5
   93995.0     771.8    1117.8  206072.5  399588.6
   94495.0     775.7    1123.5  207345.0  402062.7
   94995.0     779.6    1129.2  208617.5  404536.8
   95495.0     783.6    1134.9  209889.9  407010.9
   95995.0     787.5    1140.6  211162.4  409485.0
   96495.0     791.4    1146.4  212434.8  411959.1
   96995.0     795.3    1152.1  213707.3  414433.2
   97495.0     799.3    1157.8  214979.7  416907.3
   97995.0     803.2    1163.5  216252.2  419381.4
   98495.0     807.1    1169.2  217524.6  421855.5
   98995.0     811.0    1174.9  218797.1  424329.6
   99495.0     815.0    1180.6  220069.5  426803.7
