# Characteristic  Pathlengths (in Angstroem) for Electron Transport in Au
#
# ener(eV)      EMFP      IMFP     TRMFP      LNRG   
       5.0       4.9      52.3       4.2       0.1
      10.0       7.4      31.7       4.8       0.1
      15.0       6.2      25.0       4.5       0.1
      20.0       4.3      21.2       3.8       0.1
      25.0       3.1      18.8       3.3       0.1
      30.0       2.4      17.3       3.0       0.1
      35.0       2.1      16.2       2.9       0.1
      40.0       1.9      15.4       3.0       0.1
      45.0       1.8      14.6       3.1       1.9
      50.0       1.7      13.5       3.4       3.4
      55.0       1.7      12.4       3.8       4.7
      60.0       1.7      11.3       4.1       5.8
      65.0       1.7      10.3       4.6       6.7
      70.0       1.7       9.4       5.0       7.6
      75.0       1.7       8.6       5.5       8.4
      80.0       1.7       7.9       6.0       9.1
      85.0       1.7       7.4       6.5       9.8
      90.0       1.7       7.0       7.0      10.5
      95.0       1.7       6.6       7.5      11.1
     100.0       1.7       6.4       8.0      11.6
     105.0       1.7       6.1       8.6      12.2
     110.0       1.7       6.0       9.1      12.7
     115.0       1.7       5.8       9.6      13.3
     120.0       1.8       5.7      10.1      13.8
     125.0       1.8       5.6      10.6      14.3
     130.0       1.8       5.5      11.0      14.7
     135.0       1.8       5.5      11.5      15.2
     140.0       1.9       5.4      11.9      15.7
     145.0       1.9       5.4      12.2      16.2
     150.0       1.9       5.3      12.6      16.6
     155.0       1.9       5.3      12.9      17.1
     160.0       2.0       5.3      13.2      17.6
     165.0       2.0       5.3      13.4      18.0
     170.0       2.0       5.3      13.7      18.5
     175.0       2.0       5.3      13.9      18.9
     180.0       2.1       5.3      14.0      19.4
     185.0       2.1       5.3      14.2      19.8
     190.0       2.1       5.4      14.3      20.3
     195.0       2.2       5.4      14.4      20.7
     200.0       2.2       5.4      14.5      21.2
     205.0       2.2       5.5      14.6      21.6
     210.0       2.3       5.5      14.6      22.1
     215.0       2.3       5.5      14.7      22.5
     220.0       2.3       5.6      14.7      23.0
     225.0       2.4       5.6      14.7      23.4
     230.0       2.4       5.6      14.7      23.9
     235.0       2.4       5.7      14.8      24.3
     240.0       2.5       5.7      14.8      24.8
     245.0       2.5       5.8      14.8      25.3
     250.0       2.5       5.8      14.8      25.7
     255.0       2.6       5.9      14.8      26.2
     260.0       2.6       5.9      14.8      26.7
     265.0       2.6       6.0      14.8      27.1
     270.0       2.7       6.0      14.7      27.6
     275.0       2.7       6.1      14.7      28.1
     280.0       2.7       6.1      14.7      28.5
     285.0       2.8       6.2      14.7      29.0
     290.0       2.8       6.2      14.7      29.5
     295.0       2.8       6.3      14.7      30.0
     300.0       2.9       6.3      14.7      30.5
     305.0       2.9       6.4      14.7      30.9
     310.0       2.9       6.4      14.7      31.4
     315.0       3.0       6.5      14.7      31.9
     320.0       3.0       6.5      14.7      32.4
     325.0       3.0       6.6      14.7      32.9
     330.0       3.1       6.6      14.7      33.4
     335.0       3.1       6.7      14.7      33.9
     340.0       3.1       6.7      14.7      34.4
     345.0       3.1       6.8      14.7      34.9
     350.0       3.2       6.8      14.7      35.4
     355.0       3.2       6.9      14.7      35.9
     360.0       3.2       7.0      14.8      36.4
     365.0       3.3       7.0      14.8      36.9
     370.0       3.3       7.1      14.8      37.4
     375.0       3.3       7.1      14.8      37.9
     380.0       3.3       7.2      14.8      38.4
     385.0       3.4       7.2      14.9      38.9
     390.0       3.4       7.3      14.9      39.5
     395.0       3.4       7.3      14.9      40.0
     400.0       3.5       7.4      14.9      40.5
     405.0       3.5       7.4      15.0      41.0
     410.0       3.5       7.5      15.0      41.6
     415.0       3.5       7.5      15.0      42.1
     420.0       3.6       7.6      15.0      42.6
     425.0       3.6       7.6      15.1      43.1
     430.0       3.6       7.7      15.1      43.7
     435.0       3.6       7.8      15.2      44.2
     440.0       3.7       7.8      15.2      44.8
     445.0       3.7       7.9      15.2      45.3
     450.0       3.7       7.9      15.3      45.8
     455.0       3.7       8.0      15.3      46.4
     460.0       3.8       8.0      15.4      46.9
     465.0       3.8       8.1      15.4      47.5
     470.0       3.8       8.1      15.4      48.0
     475.0       3.8       8.2      15.5      48.6
     480.0       3.8       8.2      15.5      49.1
     485.0       3.9       8.3      15.6      49.7
     490.0       3.9       8.3      15.6      50.2
     495.0       3.9       8.4      15.7      50.8
     500.0       3.9       8.4      15.7      51.4
     505.0       4.0       8.5      15.8      51.9
     510.0       4.0       8.5      15.8      52.5
     515.0       4.0       8.6      15.9      53.0
     520.0       4.0       8.6      15.9      53.6
     525.0       4.0       8.7      16.0      54.2
     530.0       4.1       8.7      16.1      54.8
     535.0       4.1       8.8      16.1      55.3
     540.0       4.1       8.8      16.2      55.9
     545.0       4.1       8.9      16.2      56.5
     550.0       4.1       8.9      16.3      57.1
     555.0       4.2       9.0      16.4      57.6
     560.0       4.2       9.1      16.4      58.2
     565.0       4.2       9.1      16.5      58.8
     570.0       4.2       9.2      16.5      59.4
     575.0       4.2       9.2      16.6      60.0
     580.0       4.3       9.3      16.7      60.6
     585.0       4.3       9.3      16.7      61.2
     590.0       4.3       9.4      16.8      61.7
     595.0       4.3       9.4      16.9      62.3
     600.0       4.3       9.5      16.9      62.9
     605.0       4.3       9.5      17.0      63.5
     610.0       4.4       9.6      17.1      64.1
     615.0       4.4       9.6      17.1      64.7
     620.0       4.4       9.7      17.2      65.3
     625.0       4.4       9.7      17.3      65.9
     630.0       4.4       9.8      17.3      66.5
     635.0       4.5       9.8      17.4      67.1
     640.0       4.5       9.9      17.5      67.8
     645.0       4.5       9.9      17.6      68.4
     650.0       4.5      10.0      17.6      69.0
     655.0       4.5      10.0      17.7      69.6
     660.0       4.5      10.1      17.8      70.2
     665.0       4.6      10.1      17.9      70.8
     670.0       4.6      10.2      17.9      71.4
     675.0       4.6      10.2      18.0      72.1
     680.0       4.6      10.3      18.1      72.7
     685.0       4.6      10.3      18.2      73.3
     690.0       4.6      10.4      18.2      73.9
     695.0       4.6      10.4      18.3      74.6
     700.0       4.7      10.5      18.4      75.2
     705.0       4.7      10.5      18.5      75.8
     710.0       4.7      10.6      18.5      76.5
     715.0       4.7      10.6      18.6      77.1
     720.0       4.7      10.7      18.7      77.7
     725.0       4.7      10.7      18.8      78.4
     730.0       4.8      10.8      18.9      79.0
     735.0       4.8      10.8      18.9      79.6
     740.0       4.8      10.9      19.0      80.3
     745.0       4.8      10.9      19.1      80.9
     750.0       4.8      10.9      19.2      81.6
     755.0       4.8      11.0      19.3      82.2
     760.0       4.8      11.0      19.3      82.8
     765.0       4.9      11.1      19.4      83.5
     770.0       4.9      11.1      19.5      84.1
     775.0       4.9      11.2      19.6      84.8
     780.0       4.9      11.2      19.7      85.4
     785.0       4.9      11.3      19.8      86.1
     790.0       4.9      11.3      19.8      86.8
     795.0       4.9      11.4      19.9      87.4
     800.0       5.0      11.4      20.0      88.1
     805.0       5.0      11.5      20.1      88.7
     810.0       5.0      11.5      20.2      89.4
     815.0       5.0      11.6      20.3      90.1
     820.0       5.0      11.6      20.4      90.7
     825.0       5.0      11.7      20.4      91.4
     830.0       5.0      11.7      20.5      92.1
     835.0       5.1      11.8      20.6      92.7
     840.0       5.1      11.8      20.7      93.4
     845.0       5.1      11.9      20.8      94.1
     850.0       5.1      11.9      20.9      94.7
     855.0       5.1      12.0      21.0      95.4
     860.0       5.1      12.0      21.1      96.1
     865.0       5.1      12.1      21.1      96.8
     870.0       5.2      12.1      21.2      97.4
     875.0       5.2      12.2      21.3      98.1
     880.0       5.2      12.2      21.4      98.8
     885.0       5.2      12.3      21.5      99.5
     890.0       5.2      12.3      21.6     100.2
     895.0       5.2      12.3      21.7     100.9
     900.0       5.2      12.4      21.8     101.5
     905.0       5.2      12.4      21.9     102.2
     910.0       5.3      12.5      22.0     102.9
     915.0       5.3      12.5      22.0     103.6
     920.0       5.3      12.6      22.1     104.3
     925.0       5.3      12.6      22.2     105.0
     930.0       5.3      12.7      22.3     105.7
     935.0       5.3      12.7      22.4     106.4
     940.0       5.3      12.8      22.5     107.1
     945.0       5.3      12.8      22.6     107.8
     950.0       5.4      12.9      22.7     108.5
     955.0       5.4      12.9      22.8     109.2
     960.0       5.4      13.0      22.9     109.9
     965.0       5.4      13.0      23.0     110.6
     970.0       5.4      13.1      23.1     111.3
     975.0       5.4      13.1      23.2     112.0
     980.0       5.4      13.1      23.3     112.7
     985.0       5.4      13.2      23.4     113.4
     990.0       5.5      13.2      23.5     114.2
     995.0       5.5      13.3      23.5     114.9
    1000.0       5.5      13.3      23.6     115.6
    1005.0       5.5      13.4      23.7     116.3
    1010.0       5.5      13.4      23.8     117.0
    1015.0       5.5      13.5      23.9     117.8
    1020.0       5.5      13.5      24.0     118.5
    1025.0       5.5      13.6      24.1     119.2
    1030.0       5.6      13.6      24.2     119.9
    1035.0       5.6      13.7      24.3     120.7
    1040.0       5.6      13.7      24.4     121.4
    1045.0       5.6      13.8      24.5     122.1
    1050.0       5.6      13.8      24.6     122.8
    1055.0       5.6      13.8      24.7     123.6
    1060.0       5.6      13.9      24.8     124.3
    1065.0       5.6      13.9      24.9     125.1
    1070.0       5.6      14.0      25.0     125.8
    1075.0       5.7      14.0      25.1     126.5
    1080.0       5.7      14.1      25.2     127.3
    1085.0       5.7      14.1      25.3     128.0
    1090.0       5.7      14.2      25.4     128.8
    1095.0       5.7      14.2      25.5     129.5
    1100.0       5.7      14.3      25.6     130.2
    1105.0       5.7      14.3      25.7     131.0
    1110.0       5.7      14.4      25.8     131.8
    1115.0       5.7      14.4      25.9     132.5
    1120.0       5.8      14.4      26.0     133.3
    1125.0       5.8      14.5      26.1     134.0
    1130.0       5.8      14.5      26.2     134.8
    1135.0       5.8      14.6      26.3     135.5
    1140.0       5.8      14.6      26.4     136.3
    1145.0       5.8      14.7      26.5     137.0
    1150.0       5.8      14.7      26.6     137.8
    1155.0       5.8      14.8      26.7     138.5
    1160.0       5.8      14.8      26.8     139.3
    1165.0       5.9      14.9      26.9     140.1
    1170.0       5.9      14.9      27.0     140.8
    1175.0       5.9      14.9      27.1     141.6
    1180.0       5.9      15.0      27.2     142.4
    1185.0       5.9      15.0      27.3     143.1
    1190.0       5.9      15.1      27.4     143.9
    1195.0       5.9      15.1      27.6     144.7
    1200.0       5.9      15.2      27.7     145.4
    1205.0       5.9      15.2      27.8     146.2
    1210.0       6.0      15.3      27.9     147.0
    1215.0       6.0      15.3      28.0     147.8
    1220.0       6.0      15.4      28.1     148.5
    1225.0       6.0      15.4      28.2     149.3
    1230.0       6.0      15.4      28.3     150.1
    1235.0       6.0      15.5      28.4     150.9
    1240.0       6.0      15.5      28.5     151.7
    1245.0       6.0      15.6      28.6     152.4
    1250.0       6.0      15.6      28.7     153.2
    1255.0       6.1      15.7      28.8     154.0
    1260.0       6.1      15.7      28.9     154.8
    1265.0       6.1      15.8      29.0     155.6
    1270.0       6.1      15.8      29.1     156.4
    1275.0       6.1      15.9      29.2     157.2
    1280.0       6.1      15.9      29.3     158.0
    1285.0       6.1      15.9      29.5     158.7
    1290.0       6.1      16.0      29.6     159.5
    1295.0       6.1      16.0      29.7     160.3
    1300.0       6.2      16.1      29.8     161.1
    1305.0       6.2      16.1      29.9     161.9
    1310.0       6.2      16.2      30.0     162.7
    1315.0       6.2      16.2      30.1     163.5
    1320.0       6.2      16.3      30.2     164.3
    1325.0       6.2      16.3      30.3     165.1
    1330.0       6.2      16.3      30.4     165.9
    1335.0       6.2      16.4      30.5     166.7
    1340.0       6.2      16.4      30.6     167.5
    1345.0       6.2      16.5      30.8     168.4
    1350.0       6.3      16.5      30.9     169.2
    1355.0       6.3      16.6      31.0     170.0
    1360.0       6.3      16.6      31.1     170.8
    1365.0       6.3      16.7      31.2     171.6
    1370.0       6.3      16.7      31.3     172.4
    1375.0       6.3      16.8      31.4     173.2
    1380.0       6.3      16.8      31.5     174.1
    1385.0       6.3      16.8      31.6     174.9
    1390.0       6.3      16.9      31.7     175.7
    1395.0       6.3      16.9      31.9     176.5
    1400.0       6.4      17.0      32.0     177.3
    1405.0       6.4      17.0      32.1     178.2
    1410.0       6.4      17.1      32.2     179.0
    1415.0       6.4      17.1      32.3     179.8
    1420.0       6.4      17.1      32.4     180.6
    1425.0       6.4      17.2      32.5     181.5
    1430.0       6.4      17.2      32.6     182.3
    1435.0       6.4      17.3      32.7     183.1
    1440.0       6.4      17.3      32.9     183.9
    1445.0       6.4      17.4      33.0     184.8
    1450.0       6.5      17.4      33.1     185.6
    1455.0       6.5      17.5      33.2     186.5
    1460.0       6.5      17.5      33.3     187.3
    1465.0       6.5      17.5      33.4     188.1
    1470.0       6.5      17.6      33.5     189.0
    1475.0       6.5      17.6      33.7     189.8
    1480.0       6.5      17.7      33.8     190.6
    1485.0       6.5      17.7      33.9     191.5
    1490.0       6.5      17.8      34.0     192.3
    1495.0       6.5      17.8      34.1     193.2
    1500.0       6.6      17.9      34.2     194.0
    1505.0       6.6      17.9      34.3     194.9
    1510.0       6.6      17.9      34.4     195.7
    1515.0       6.6      18.0      34.6     196.6
    1520.0       6.6      18.0      34.7     197.4
    1525.0       6.6      18.1      34.8     198.3
    1530.0       6.6      18.1      34.9     199.1
    1535.0       6.6      18.2      35.0     200.0
    1540.0       6.6      18.2      35.1     200.8
    1545.0       6.6      18.3      35.3     201.7
    1550.0       6.7      18.3      35.4     202.5
    1555.0       6.7      18.3      35.5     203.4
    1560.0       6.7      18.4      35.6     204.3
    1565.0       6.7      18.4      35.7     205.1
    1570.0       6.7      18.5      35.8     206.0
    1575.0       6.7      18.5      36.0     206.9
    1580.0       6.7      18.6      36.1     207.7
    1585.0       6.7      18.6      36.2     208.6
    1590.0       6.7      18.6      36.3     209.4
    1595.0       6.7      18.7      36.4     210.3
    1600.0       6.8      18.7      36.5     211.2
    1605.0       6.8      18.8      36.7     212.1
    1610.0       6.8      18.8      36.8     212.9
    1615.0       6.8      18.9      36.9     213.8
    1620.0       6.8      18.9      37.0     214.7
    1625.0       6.8      18.9      37.1     215.6
    1630.0       6.8      19.0      37.2     216.4
    1635.0       6.8      19.0      37.4     217.3
    1640.0       6.8      19.1      37.5     218.2
    1645.0       6.8      19.1      37.6     219.1
    1650.0       6.9      19.2      37.7     220.0
    1655.0       6.9      19.2      37.8     220.8
    1660.0       6.9      19.3      38.0     221.7
    1665.0       6.9      19.3      38.1     222.6
    1670.0       6.9      19.3      38.2     223.5
    1675.0       6.9      19.4      38.3     224.4
    1680.0       6.9      19.4      38.4     225.3
    1685.0       6.9      19.5      38.5     226.2
    1690.0       6.9      19.5      38.7     227.1
    1695.0       6.9      19.6      38.8     227.9
    1700.0       6.9      19.6      38.9     228.8
    1705.0       7.0      19.6      39.0     229.7
    1710.0       7.0      19.7      39.1     230.6
    1715.0       7.0      19.7      39.3     231.5
    1720.0       7.0      19.8      39.4     232.4
    1725.0       7.0      19.8      39.5     233.3
    1730.0       7.0      19.9      39.6     234.2
    1735.0       7.0      19.9      39.7     235.1
    1740.0       7.0      19.9      39.9     236.0
    1745.0       7.0      20.0      40.0     236.9
    1750.0       7.0      20.0      40.1     237.9
    1755.0       7.0      20.1      40.2     238.8
    1760.0       7.1      20.1      40.4     239.7
    1765.0       7.1      20.2      40.5     240.6
    1770.0       7.1      20.2      40.6     241.5
    1775.0       7.1      20.2      40.7     242.4
    1780.0       7.1      20.3      40.8     243.3
    1785.0       7.1      20.3      41.0     244.2
    1790.0       7.1      20.4      41.1     245.1
    1795.0       7.1      20.4      41.2     246.1
    1800.0       7.1      20.5      41.3     247.0
    1805.0       7.1      20.5      41.5     247.9
    1810.0       7.1      20.5      41.6     248.8
    1815.0       7.2      20.6      41.7     249.7
    1820.0       7.2      20.6      41.8     250.7
    1825.0       7.2      20.7      41.9     251.6
    1830.0       7.2      20.7      42.1     252.5
    1835.0       7.2      20.8      42.2     253.4
    1840.0       7.2      20.8      42.3     254.4
    1845.0       7.2      20.8      42.4     255.3
    1850.0       7.2      20.9      42.6     256.2
    1855.0       7.2      20.9      42.7     257.2
    1860.0       7.2      21.0      42.8     258.1
    1865.0       7.3      21.0      42.9     259.0
    1870.0       7.3      21.1      43.1     260.0
    1875.0       7.3      21.1      43.2     260.9
    1880.0       7.3      21.1      43.3     261.8
    1885.0       7.3      21.2      43.4     262.8
    1890.0       7.3      21.2      43.6     263.7
    1895.0       7.3      21.3      43.7     264.6
    1900.0       7.3      21.3      43.8     265.6
    1905.0       7.3      21.4      43.9     266.5
    1910.0       7.3      21.4      44.1     267.5
    1915.0       7.3      21.4      44.2     268.4
    1920.0       7.3      21.5      44.3     269.4
    1925.0       7.4      21.5      44.4     270.3
    1930.0       7.4      21.6      44.6     271.3
    1935.0       7.4      21.6      44.7     272.2
    1940.0       7.4      21.7      44.8     273.2
    1945.0       7.4      21.7      44.9     274.1
    1950.0       7.4      21.7      45.1     275.1
    1955.0       7.4      21.8      45.2     276.0
    1960.0       7.4      21.8      45.3     277.0
    1965.0       7.4      21.9      45.5     277.9
    1970.0       7.4      21.9      45.6     278.9
    1975.0       7.4      22.0      45.7     279.9
    1980.0       7.5      22.0      45.8     280.8
    1985.0       7.5      22.0      46.0     281.8
    1990.0       7.5      22.1      46.1     282.7
    1995.0       7.5      22.1      46.2     283.7
    2495.0       8.3      26.3      59.6     386.5
    2995.0       9.1      30.3      74.1     500.8
    3495.0       9.8      34.3      89.7     626.4
    3995.0      10.5      38.2     106.3     763.0
    4495.0      11.2      42.0     123.8     910.6
    4995.0      11.8      45.8     142.1    1068.6
    5495.0      12.4      49.5     161.4    1236.3
    5995.0      13.0      53.1     181.4    1413.4
    6495.0      13.6      56.7     202.3    1599.5
    6995.0      14.1      60.3     223.9    1794.6
    7495.0      14.6      63.9     246.2    1998.4
    7995.0      15.2      67.4     269.3    2210.8
    8495.0      15.7      70.9     293.1    2431.7
    8995.0      16.2      74.3     317.6    2661.1
    9495.0      16.7      77.8     342.8    2898.9
    9995.0      17.1      81.2     368.6    3144.9
   10495.0      17.6      84.6     395.1    3399.2
   10995.0      18.1      88.0     422.2    3661.8
   11495.0      18.5      91.3     450.0    3932.4
   11995.0      19.0      94.7     478.3    4211.2
   12495.0      19.4      98.0     507.3    4497.9
   12995.0      19.9     101.3     536.9    4792.7
   13495.0      20.3     104.6     567.0    5095.5
   13995.0      20.7     107.9     597.7    5406.1
   14495.0      21.2     111.1     629.0    5724.7
   14995.0      21.6     114.4     660.9    6051.0
   15495.0      22.0     117.6     693.3    6385.2
   15995.0      22.4     120.9     726.2    6727.1
   16495.0      22.8     124.1     759.7    7076.8
   16995.0      23.2     127.3     793.7    7434.2
   17495.0      23.6     130.5     828.2    7799.2
   17995.0      24.0     133.6     863.3    8171.9
   18495.0      24.4     136.8     898.9    8552.1
   18995.0      24.8     140.0     934.9    8940.0
   19495.0      25.1     143.1     971.5    9335.4
   19995.0      25.5     146.3    1008.6    9738.3
   20495.0      25.9     149.4    1046.1   10148.7
   20995.0      26.3     152.5    1084.2   10566.6
   21495.0      26.6     155.6    1122.7   10991.9
   21995.0      27.0     158.7    1161.7   11424.6
   22495.0      27.4     161.8    1201.2   11864.7
   22995.0      27.7     164.9    1241.1   12312.2
   23495.0      28.1     168.0    1281.5   12767.1
   23995.0      28.4     171.1    1322.4   13229.2
   24495.0      28.8     174.1    1363.7   13698.7
   24995.0      29.1     177.2    1405.4   14175.4
   25495.0      29.5     180.2    1447.6   14659.3
   25995.0      29.8     183.3    1490.3   15150.4
   26495.0      30.1     186.3    1533.4   15648.6
   26995.0      30.5     189.4    1576.9   16154.0
   27495.0      30.8     192.4    1620.8   16666.5
   27995.0      31.1     195.4    1665.2   17186.1
   28495.0      31.5     198.4    1710.0   17712.7
   28995.0      31.8     201.4    1755.2   18246.4
   29495.0      32.1     204.4    1800.8   18787.0
   29995.0      32.4     207.4    1846.9   19334.6
   30495.0      32.8     210.4    1893.1   19885.0
   30995.0      33.1     213.4    1939.3   20435.4
   31495.0      33.4     216.4    1985.5   20985.8
   31995.0      33.7     219.4    2031.7   21536.2
   32495.0      34.1     222.4    2078.0   22086.6
   32995.0      34.4     225.4    2124.2   22637.0
   33495.0      34.7     228.4    2170.4   23187.4
   33995.0      35.0     231.4    2216.6   23737.8
   34495.0      35.3     234.4    2262.8   24288.1
   34995.0      35.7     237.4    2309.0   24838.5
   35495.0      36.0     240.4    2355.2   25388.9
   35995.0      36.3     243.4    2401.5   25939.3
   36495.0      36.6     246.4    2447.7   26489.7
   36995.0      37.0     249.3    2493.9   27040.1
   37495.0      37.3     252.3    2540.1   27590.5
   37995.0      37.6     255.3    2586.3   28140.9
   38495.0      37.9     258.3    2632.5   28691.3
   38995.0      38.3     261.3    2678.7   29241.7
   39495.0      38.6     264.3    2725.0   29792.0
   39995.0      38.9     267.3    2771.2   30342.4
   40495.0      39.2     270.3    2817.4   30892.8
   40995.0      39.5     273.3    2863.6   31443.2
   41495.0      39.9     276.3    2909.8   31993.6
   41995.0      40.2     279.3    2956.0   32544.0
   42495.0      40.5     282.3    3002.2   33094.4
   42995.0      40.8     285.3    3048.4   33644.8
   43495.0      41.2     288.3    3094.7   34195.2
   43995.0      41.5     291.3    3140.9   34745.5
   44495.0      41.8     294.3    3187.1   35295.9
   44995.0      42.1     297.2    3233.3   35846.3
   45495.0      42.4     300.2    3279.5   36396.7
   45995.0      42.8     303.2    3325.7   36947.1
   46495.0      43.1     306.2    3371.9   37497.5
   46995.0      43.4     309.2    3418.2   38047.9
   47495.0      43.7     312.2    3464.4   38598.3
   47995.0      44.1     315.2    3510.6   39148.7
   48495.0      44.4     318.2    3556.8   39699.0
   48995.0      44.7     321.2    3603.0   40249.4
   49495.0      45.0     324.2    3649.2   40799.8
   49995.0      45.3     327.2    3695.4   41350.2
   50495.0      45.7     330.2    3741.7   41900.6
   50995.0      46.0     333.2    3787.9   42451.0
   51495.0      46.3     336.2    3834.1   43001.4
   51995.0      46.6     339.2    3880.3   43551.8
   52495.0      47.0     342.1    3926.5   44102.2
   52995.0      47.3     345.1    3972.7   44652.6
   53495.0      47.6     348.1    4018.9   45202.9
   53995.0      47.9     351.1    4065.2   45753.3
   54495.0      48.2     354.1    4111.4   46303.7
   54995.0      48.6     357.1    4157.6   46854.1
   55495.0      48.9     360.1    4203.8   47404.5
   55995.0      49.2     363.1    4250.0   47954.9
   56495.0      49.5     366.1    4296.2   48505.3
   56995.0      49.9     369.1    4342.4   49055.7
   57495.0      50.2     372.1    4388.7   49606.1
   57995.0      50.5     375.1    4434.9   50156.4
   58495.0      50.8     378.1    4481.1   50706.8
   58995.0      51.2     381.1    4527.3   51257.2
   59495.0      51.5     384.1    4573.5   51807.6
   59995.0      51.8     387.1    4619.7   52358.0
   60495.0      52.1     390.0    4665.9   52908.4
   60995.0      52.4     393.0    4712.2   53458.8
   61495.0      52.8     396.0    4758.4   54009.2
   61995.0      53.1     399.0    4804.6   54559.6
   62495.0      53.4     402.0    4850.8   55109.9
   62995.0      53.7     405.0    4897.0   55660.3
   63495.0      54.1     408.0    4943.2   56210.7
   63995.0      54.4     411.0    4989.4   56761.1
   64495.0      54.7     414.0    5035.7   57311.5
   64995.0      55.0     417.0    5081.9   57861.9
   65495.0      55.3     420.0    5128.1   58412.3
   65995.0      55.7     423.0    5174.3   58962.7
   66495.0      56.0     426.0    5220.5   59513.1
   66995.0      56.3     429.0    5266.7   60063.5
   67495.0      56.6     432.0    5312.9   60613.8
   67995.0      57.0     435.0    5359.2   61164.2
   68495.0      57.3     437.9    5405.4   61714.6
   68995.0      57.6     440.9    5451.6   62265.0
   69495.0      57.9     443.9    5497.8   62815.4
   69995.0      58.2     446.9    5544.0   63365.8
   70495.0      58.6     449.9    5590.2   63916.2
   70995.0      58.9     452.9    5636.4   64466.6
   71495.0      59.2     455.9    5682.7   65017.0
   71995.0      59.5     458.9    5728.9   65567.3
   72495.0      59.9     461.9    5775.1   66117.7
   72995.0      60.2     464.9    5821.3   66668.1
   73495.0      60.5     467.9    5867.5   67218.5
   73995.0      60.8     470.9    5913.7   67768.9
   74495.0      61.1     473.9    5959.9   68319.3
   74995.0      61.5     476.9    6006.1   68869.7
   75495.0      61.8     479.9    6052.4   69420.1
   75995.0      62.1     482.8    6098.6   69970.5
   76495.0      62.4     485.8    6144.8   70520.8
   76995.0      62.8     488.8    6191.0   71071.2
   77495.0      63.1     491.8    6237.2   71621.6
   77995.0      63.4     494.8    6283.4   72172.0
   78495.0      63.7     497.8    6329.6   72722.4
   78995.0      64.1     500.8    6375.9   73272.8
   79495.0      64.4     503.8    6422.1   73823.2
   79995.0      64.7     506.8    6468.3   74373.6
   80495.0      65.0     509.8    6514.5   74924.0
   80995.0      65.3     512.8    6560.7   75474.4
   81495.0      65.7     515.8    6606.9   76024.7
   81995.0      66.0     518.8    6653.1   76575.1
   82495.0      66.3     521.8    6699.4   77125.5
   82995.0      66.6     524.8    6745.6   77675.9
   83495.0      67.0     527.8    6791.8   78226.3
   83995.0      67.3     530.7    6838.0   78776.7
   84495.0      67.6     533.7    6884.2   79327.1
   84995.0      67.9     536.7    6930.4   79877.5
   85495.0      68.2     539.7    6976.6   80427.9
   85995.0      68.6     542.7    7022.9   80978.2
   86495.0      68.9     545.7    7069.1   81528.6
   86995.0      69.2     548.7    7115.3   82079.0
   87495.0      69.5     551.7    7161.5   82629.4
   87995.0      69.9     554.7    7207.7   83179.8
   88495.0      70.2     557.7    7253.9   83730.2
   88995.0      70.5     560.7    7300.1   84280.6
   89495.0      70.8     563.7    7346.4   84831.0
   89995.0      71.1     566.7    7392.6   85381.4
   90495.0      71.5     569.7    7438.8   85931.7
   90995.0      71.8     572.7    7485.0   86482.1
   91495.0      72.1     575.7    7531.2   87032.5
   91995.0      72.4     578.6    7577.4   87582.9
   92495.0      72.8     581.6    7623.6   88133.3
   92995.0      73.1     584.6    7669.9   88683.7
   93495.0      73.4     587.6    7716.1   89234.1
   93995.0      73.7     590.6    7762.3   89784.5
   94495.0      74.0     593.6    7808.5   90334.9
   94995.0      74.4     596.6    7854.7   90885.3
   95495.0      74.7     599.6    7900.9   91435.6
   95995.0      75.0     602.6    7947.1   91986.0
   96495.0      75.3     605.6    7993.4   92536.4
   96995.0      75.7     608.6    8039.6   93086.8
   97495.0      76.0     611.6    8085.8   93637.2
   97995.0      76.3     614.6    8132.0   94187.6
   98495.0      76.6     617.6    8178.2   94738.0
   98995.0      77.0     620.6    8224.4   95288.4
   99495.0      77.3     623.5    8270.6   95838.8
