# Characteristic  Pathlengths (in Angstroem) for Electron Transport in Be
#
# ener(eV)      EMFP      IMFP     TRMFP      LNRG   
       5.0       3.5      81.2       3.1       0.1
      10.0       2.9      63.6       2.7       0.1
      15.0       2.8      48.1       2.8       0.1
      20.0       2.9      34.6       3.1       0.1
      25.0       3.0      21.5       3.5       0.1
      30.0       3.1      11.2       3.9       0.1
      35.0       3.3       6.3       4.4       0.1
      40.0       3.4       4.8       4.9       0.1
      45.0       3.6       4.3       5.4       1.0
      50.0       3.8       4.1       6.0       2.0
      55.0       3.9       4.0       6.6       2.9
      60.0       4.1       4.0       7.2       3.9
      65.0       4.3       4.0       7.9       4.8
      70.0       4.4       4.0       8.6       5.8
      75.0       4.6       4.0       9.3       6.7
      80.0       4.8       4.1      10.0       7.7
      85.0       4.9       4.2      10.8       8.6
      90.0       5.1       4.3      11.6       9.6
      95.0       5.3       4.4      12.4      10.5
     100.0       5.4       4.5      13.3      11.5
     105.0       5.6       4.6      14.1      12.5
     110.0       5.8       4.7      15.0      13.6
     115.0       5.9       4.8      15.9      14.6
     120.0       6.1       4.9      16.9      15.6
     125.0       6.3       5.0      17.8      16.6
     130.0       6.4       5.1      18.8      17.7
     135.0       6.6       5.2      19.8      18.8
     140.0       6.8       5.3      20.8      19.9
     145.0       6.9       5.4      21.9      20.9
     150.0       7.1       5.5      22.9      22.0
     155.0       7.3       5.6      24.0      23.2
     160.0       7.4       5.7      25.1      24.3
     165.0       7.6       5.8      26.3      25.4
     170.0       7.8       5.9      27.4      26.6
     175.0       7.9       6.0      28.6      27.8
     180.0       8.1       6.1      29.8      28.9
     185.0       8.3       6.3      31.0      30.1
     190.0       8.4       6.4      32.3      31.3
     195.0       8.6       6.5      33.5      32.5
     200.0       8.8       6.6      34.9      33.8
     205.0       8.9       6.7      36.2      35.0
     210.0       9.1       6.8      37.5      36.2
     215.0       9.2       6.9      38.8      37.5
     220.0       9.4       7.0      40.2      38.7
     225.0       9.6       7.1      41.6      40.0
     230.0       9.7       7.2      43.0      41.2
     235.0       9.9       7.3      44.4      42.5
     240.0      10.1       7.4      45.9      43.8
     245.0      10.2       7.5      47.4      45.1
     250.0      10.4       7.6      48.9      46.4
     255.0      10.6       7.7      50.4      47.7
     260.0      10.7       7.8      51.9      49.0
     265.0      10.9       7.9      53.5      50.3
     270.0      11.1       8.0      55.1      51.6
     275.0      11.2       8.1      56.6      52.9
     280.0      11.4       8.2      58.3      54.2
     285.0      11.6       8.3      59.9      55.6
     290.0      11.7       8.4      61.6      56.9
     295.0      11.9       8.5      63.2      58.3
     300.0      12.1       8.5      64.9      59.6
     305.0      12.2       8.6      66.7      61.0
     310.0      12.4       8.7      68.4      62.4
     315.0      12.6       8.8      70.1      63.7
     320.0      12.7       8.9      71.9      65.1
     325.0      12.9       9.0      73.7      66.5
     330.0      13.1       9.1      75.5      67.9
     335.0      13.2       9.2      77.3      69.3
     340.0      13.4       9.3      79.2      70.7
     345.0      13.5       9.4      81.1      72.2
     350.0      13.7       9.5      83.0      73.6
     355.0      13.9       9.6      84.8      75.0
     360.0      14.0       9.7      86.8      76.4
     365.0      14.2       9.8      88.7      77.9
     370.0      14.4       9.8      90.7      79.3
     375.0      14.5       9.9      92.7      80.8
     380.0      14.7      10.0      94.7      82.3
     385.0      14.9      10.1      96.7      83.8
     390.0      15.0      10.2      98.8      85.2
     395.0      15.2      10.3     100.8      86.7
     400.0      15.4      10.4     102.9      88.2
     405.0      15.5      10.5     105.0      89.7
     410.0      15.7      10.6     107.1      91.2
     415.0      15.9      10.7     109.2      92.7
     420.0      16.0      10.8     111.4      94.3
     425.0      16.2      10.8     113.6      95.8
     430.0      16.4      10.9     115.8      97.3
     435.0      16.5      11.0     117.9      98.9
     440.0      16.7      11.1     120.2     100.4
     445.0      16.9      11.2     122.4     102.0
     450.0      17.0      11.3     124.7     103.6
     455.0      17.2      11.4     127.0     105.1
     460.0      17.3      11.5     129.3     106.7
     465.0      17.5      11.6     131.6     108.3
     470.0      17.7      11.7     133.9     109.9
     475.0      17.8      11.7     136.3     111.5
     480.0      18.0      11.8     138.7     113.1
     485.0      18.2      11.9     141.1     114.8
     490.0      18.3      12.0     143.5     116.4
     495.0      18.5      12.1     145.9     118.0
     500.0      18.7      12.2     148.3     119.7
     505.0      18.8      12.3     150.8     121.3
     510.0      19.0      12.4     153.3     123.0
     515.0      19.2      12.5     155.7     124.6
     520.0      19.3      12.5     158.3     126.3
     525.0      19.5      12.6     160.8     128.0
     530.0      19.7      12.7     163.4     129.7
     535.0      19.8      12.8     165.9     131.3
     540.0      20.0      12.9     168.5     133.0
     545.0      20.2      13.0     171.1     134.8
     550.0      20.3      13.1     173.8     136.5
     555.0      20.5      13.2     176.4     138.2
     560.0      20.6      13.2     179.1     139.9
     565.0      20.8      13.3     181.7     141.7
     570.0      21.0      13.4     184.4     143.4
     575.0      21.1      13.5     187.1     145.1
     580.0      21.3      13.6     189.9     146.9
     585.0      21.5      13.7     192.6     148.7
     590.0      21.6      13.8     195.4     150.4
     595.0      21.8      13.8     198.1     152.2
     600.0      22.0      13.9     200.9     154.0
     605.0      22.1      14.0     203.8     155.8
     610.0      22.3      14.1     206.6     157.6
     615.0      22.5      14.2     209.4     159.4
     620.0      22.6      14.3     212.3     161.2
     625.0      22.8      14.4     215.2     163.1
     630.0      23.0      14.5     218.1     164.9
     635.0      23.1      14.5     221.0     166.7
     640.0      23.3      14.6     224.0     168.6
     645.0      23.5      14.7     226.9     170.4
     650.0      23.6      14.8     229.9     172.3
     655.0      23.8      14.9     232.8     174.2
     660.0      23.9      15.0     235.9     176.1
     665.0      24.1      15.1     238.9     177.9
     670.0      24.3      15.1     241.9     179.8
     675.0      24.4      15.2     245.0     181.7
     680.0      24.6      15.3     248.0     183.6
     685.0      24.8      15.4     251.1     185.6
     690.0      24.9      15.5     254.2     187.5
     695.0      25.1      15.6     257.3     189.4
     700.0      25.3      15.6     260.5     191.3
     705.0      25.4      15.7     263.7     193.3
     710.0      25.6      15.8     266.8     195.2
     715.0      25.8      15.9     270.0     197.2
     720.0      25.9      16.0     273.2     199.2
     725.0      26.1      16.1     276.5     201.1
     730.0      26.3      16.2     279.7     203.1
     735.0      26.4      16.2     282.9     205.1
     740.0      26.6      16.3     286.2     207.1
     745.0      26.7      16.4     289.5     209.1
     750.0      26.9      16.5     292.8     211.1
     755.0      27.1      16.6     296.1     213.1
     760.0      27.2      16.7     299.5     215.1
     765.0      27.4      16.7     302.9     217.2
     770.0      27.6      16.8     306.2     219.2
     775.0      27.7      16.9     309.6     221.3
     780.0      27.9      17.0     313.0     223.3
     785.0      28.1      17.1     316.4     225.4
     790.0      28.2      17.2     319.9     227.4
     795.0      28.4      17.2     323.3     229.5
     800.0      28.6      17.3     326.8     231.6
     805.0      28.7      17.4     330.3     233.7
     810.0      28.9      17.5     333.8     235.8
     815.0      29.0      17.6     337.3     237.9
     820.0      29.2      17.7     340.9     240.0
     825.0      29.4      17.7     344.4     242.1
     830.0      29.5      17.8     348.0     244.3
     835.0      29.7      17.9     351.5     246.4
     840.0      29.9      18.0     355.2     248.5
     845.0      30.0      18.1     358.8     250.7
     850.0      30.2      18.2     362.4     252.9
     855.0      30.4      18.2     366.1     255.0
     860.0      30.5      18.3     369.8     257.2
     865.0      30.7      18.4     373.4     259.4
     870.0      30.9      18.5     377.1     261.6
     875.0      31.0      18.6     380.8     263.7
     880.0      31.2      18.7     384.6     265.9
     885.0      31.4      18.7     388.3     268.2
     890.0      31.5      18.8     392.1     270.4
     895.0      31.7      18.9     395.9     272.6
     900.0      31.8      19.0     399.7     274.8
     905.0      32.0      19.1     403.5     277.1
     910.0      32.2      19.1     407.3     279.3
     915.0      32.3      19.2     411.2     281.5
     920.0      32.5      19.3     415.0     283.8
     925.0      32.7      19.4     418.9     286.1
     930.0      32.8      19.5     422.8     288.4
     935.0      33.0      19.6     426.7     290.6
     940.0      33.2      19.6     430.6     292.9
     945.0      33.3      19.7     434.6     295.2
     950.0      33.5      19.8     438.5     297.5
     955.0      33.7      19.9     442.5     299.8
     960.0      33.8      20.0     446.5     302.2
     965.0      34.0      20.0     450.5     304.5
     970.0      34.1      20.1     454.5     306.8
     975.0      34.3      20.2     458.6     309.1
     980.0      34.5      20.3     462.6     311.5
     985.0      34.6      20.4     466.7     313.9
     990.0      34.8      20.5     470.8     316.2
     995.0      35.0      20.5     474.9     318.6
    1000.0      35.1      20.6     479.1     321.0
    1005.0      35.3      20.7     483.2     323.4
    1010.0      35.5      20.8     487.4     325.9
    1015.0      35.6      20.9     491.6     328.3
    1020.0      35.8      20.9     495.8     330.7
    1025.0      36.0      21.0     500.0     333.2
    1030.0      36.1      21.1     504.2     335.6
    1035.0      36.3      21.2     508.4     338.0
    1040.0      36.5      21.3     512.6     340.5
    1045.0      36.6      21.3     516.7     342.9
    1050.0      36.8      21.4     521.1     345.4
    1055.0      36.9      21.5     525.4     347.9
    1060.0      37.1      21.6     529.8     350.4
    1065.0      37.3      21.7     534.1     352.9
    1070.0      37.4      21.7     538.5     355.4
    1075.0      37.6      21.8     542.8     357.9
    1080.0      37.8      21.9     547.2     360.4
    1085.0      37.9      22.0     551.5     362.9
    1090.0      38.1      22.1     555.9     365.4
    1095.0      38.3      22.1     560.2     367.9
    1100.0      38.4      22.2     564.7     370.5
    1105.0      38.6      22.3     569.2     373.1
    1110.0      38.8      22.4     573.7     375.6
    1115.0      38.9      22.5     578.2     378.2
    1120.0      39.1      22.5     582.7     380.8
    1125.0      39.2      22.6     587.2     383.4
    1130.0      39.4      22.7     591.7     385.9
    1135.0      39.6      22.8     596.2     388.5
    1140.0      39.7      22.9     600.7     391.1
    1145.0      39.9      22.9     605.2     393.7
    1150.0      40.1      23.0     609.9     396.3
    1155.0      40.2      23.1     614.5     398.9
    1160.0      40.4      23.2     619.2     401.6
    1165.0      40.6      23.3     623.8     404.2
    1170.0      40.7      23.3     628.5     406.9
    1175.0      40.9      23.4     633.1     409.5
    1180.0      41.0      23.5     637.8     412.2
    1185.0      41.2      23.6     642.4     414.8
    1190.0      41.4      23.7     647.1     417.5
    1195.0      41.5      23.7     651.7     420.1
    1200.0      41.7      23.8     656.5     422.8
    1205.0      41.9      23.9     661.4     425.5
    1210.0      42.0      24.0     666.2     428.3
    1215.0      42.2      24.1     671.0     431.0
    1220.0      42.4      24.1     675.8     433.7
    1225.0      42.5      24.2     680.6     436.4
    1230.0      42.7      24.3     685.4     439.1
    1235.0      42.9      24.4     690.2     441.8
    1240.0      43.0      24.4     695.0     444.6
    1245.0      43.2      24.5     699.8     447.3
    1250.0      43.3      24.6     704.8     450.1
    1255.0      43.5      24.7     709.7     452.9
    1260.0      43.7      24.8     714.7     455.6
    1265.0      43.8      24.8     719.6     458.4
    1270.0      44.0      24.9     724.6     461.2
    1275.0      44.2      25.0     729.6     464.0
    1280.0      44.3      25.1     734.5     466.8
    1285.0      44.5      25.2     739.5     469.6
    1290.0      44.7      25.2     744.4     472.4
    1295.0      44.8      25.3     749.4     475.2
    1300.0      45.0      25.4     754.5     478.0
    1305.0      45.2      25.5     759.6     480.9
    1310.0      45.3      25.5     764.7     483.7
    1315.0      45.5      25.6     769.8     486.6
    1320.0      45.6      25.7     775.0     489.5
    1325.0      45.8      25.8     780.1     492.3
    1330.0      46.0      25.9     785.2     495.2
    1335.0      46.1      25.9     790.3     498.0
    1340.0      46.3      26.0     795.4     500.9
    1345.0      46.5      26.1     800.5     503.7
    1350.0      46.6      26.2     805.8     506.7
    1355.0      46.8      26.2     811.0     509.6
    1360.0      47.0      26.3     816.3     512.5
    1365.0      47.1      26.4     821.5     515.5
    1370.0      47.3      26.5     826.8     518.4
    1375.0      47.4      26.6     832.1     521.3
    1380.0      47.6      26.6     837.3     524.2
    1385.0      47.8      26.7     842.6     527.2
    1390.0      47.9      26.8     847.8     530.1
    1395.0      48.1      26.9     853.1     533.0
    1400.0      48.3      26.9     858.5     536.0
    1405.0      48.4      27.0     863.9     539.0
    1410.0      48.6      27.1     869.3     542.0
    1415.0      48.8      27.2     874.7     545.0
    1420.0      48.9      27.3     880.1     548.0
    1425.0      49.1      27.3     885.5     551.0
    1430.0      49.3      27.4     891.0     554.0
    1435.0      49.4      27.5     896.4     557.0
    1440.0      49.6      27.6     901.8     560.0
    1445.0      49.7      27.6     907.2     563.0
    1450.0      49.9      27.7     912.7     566.1
    1455.0      50.1      27.8     918.3     569.2
    1460.0      50.2      27.9     923.9     572.2
    1465.0      50.4      27.9     929.4     575.3
    1470.0      50.6      28.0     935.0     578.4
    1475.0      50.7      28.1     940.5     581.4
    1480.0      50.9      28.2     946.1     584.5
    1485.0      51.1      28.3     951.6     587.6
    1490.0      51.2      28.3     957.2     590.6
    1495.0      51.4      28.4     962.7     593.7
    1500.0      51.5      28.5     968.4     596.8
    1505.0      51.7      28.6     974.2     600.0
    1510.0      51.9      28.6     979.9     603.1
    1515.0      52.0      28.7     985.6     606.3
    1520.0      52.2      28.8     991.3     609.4
    1525.0      52.4      28.9     997.0     612.5
    1530.0      52.5      28.9    1002.7     615.7
    1535.0      52.7      29.0    1008.4     618.8
    1540.0      52.9      29.1    1014.1     622.0
    1545.0      53.0      29.2    1019.8     625.1
    1550.0      53.2      29.2    1025.6     628.3
    1555.0      53.3      29.3    1031.5     631.5
    1560.0      53.5      29.4    1037.3     634.7
    1565.0      53.7      29.5    1043.2     637.9
    1570.0      53.8      29.6    1049.0     641.1
    1575.0      54.0      29.6    1054.9     644.3
    1580.0      54.2      29.7    1060.7     647.5
    1585.0      54.3      29.8    1066.6     650.7
    1590.0      54.5      29.9    1072.4     654.0
    1595.0      54.7      29.9    1078.3     657.2
    1600.0      54.8      30.0    1084.3     660.4
    1605.0      55.0      30.1    1090.3     663.7
    1610.0      55.1      30.2    1096.3     667.0
    1615.0      55.3      30.2    1102.2     670.3
    1620.0      55.5      30.3    1108.2     673.5
    1625.0      55.6      30.4    1114.2     676.8
    1630.0      55.8      30.5    1120.2     680.1
    1635.0      56.0      30.5    1126.2     683.4
    1640.0      56.1      30.6    1132.2     686.6
    1645.0      56.3      30.7    1138.2     689.9
    1650.0      56.5      30.8    1144.4     693.3
    1655.0      56.6      30.8    1150.5     696.6
    1660.0      56.8      30.9    1156.6     700.0
    1665.0      56.9      31.0    1162.8     703.3
    1670.0      57.1      31.1    1168.9     706.6
    1675.0      57.3      31.1    1175.0     710.0
    1680.0      57.4      31.2    1181.2     713.3
    1685.0      57.6      31.3    1187.3     716.7
    1690.0      57.8      31.4    1193.5     720.0
    1695.0      57.9      31.5    1199.6     723.4
    1700.0      58.1      31.5    1205.9     726.8
    1705.0      58.3      31.6    1212.2     730.2
    1710.0      58.4      31.7    1218.5     733.6
    1715.0      58.6      31.8    1224.7     737.0
    1720.0      58.7      31.8    1231.0     740.4
    1725.0      58.9      31.9    1237.3     743.8
    1730.0      59.1      32.0    1243.6     747.3
    1735.0      59.2      32.1    1249.9     750.7
    1740.0      59.4      32.1    1256.1     754.1
    1745.0      59.6      32.2    1262.4     757.5
    1750.0      59.7      32.3    1268.9     761.0
    1755.0      59.9      32.4    1275.3     764.5
    1760.0      60.1      32.4    1281.7     767.9
    1765.0      60.2      32.5    1288.1     771.4
    1770.0      60.4      32.6    1294.6     774.9
    1775.0      60.5      32.7    1301.0     778.4
    1780.0      60.7      32.7    1307.4     781.9
    1785.0      60.9      32.8    1313.8     785.3
    1790.0      61.0      32.9    1320.3     788.8
    1795.0      61.2      33.0    1326.7     792.3
    1800.0      61.4      33.0    1333.3     795.9
    1805.0      61.5      33.1    1339.8     799.4
    1810.0      61.7      33.2    1346.4     803.0
    1815.0      61.9      33.3    1353.0     806.5
    1820.0      62.0      33.3    1359.5     810.1
    1825.0      62.2      33.4    1366.1     813.6
    1830.0      62.3      33.5    1372.7     817.2
    1835.0      62.5      33.6    1379.2     820.7
    1840.0      62.7      33.6    1385.8     824.3
    1845.0      62.8      33.7    1392.4     827.8
    1850.0      63.0      33.8    1399.1     831.4
    1855.0      63.2      33.9    1405.8     835.0
    1860.0      63.3      33.9    1412.5     838.7
    1865.0      63.5      34.0    1419.2     842.3
    1870.0      63.6      34.1    1425.9     845.9
    1875.0      63.8      34.1    1432.6     849.5
    1880.0      64.0      34.2    1439.3     853.1
    1885.0      64.1      34.3    1446.0     856.7
    1890.0      64.3      34.4    1452.7     860.4
    1895.0      64.5      34.4    1459.5     864.0
    1900.0      64.6      34.5    1466.3     867.7
    1905.0      64.8      34.6    1473.2     871.3
    1910.0      65.0      34.7    1480.0     875.0
    1915.0      65.1      34.7    1486.9     878.7
    1920.0      65.3      34.8    1493.7     882.4
    1925.0      65.4      34.9    1500.6     886.1
    1930.0      65.6      35.0    1507.4     889.8
    1935.0      65.8      35.0    1514.3     893.4
    1940.0      65.9      35.1    1521.1     897.1
    1945.0      66.1      35.2    1528.0     900.8
    1950.0      66.3      35.3    1534.9     904.6
    1955.0      66.4      35.3    1541.9     908.3
    1960.0      66.6      35.4    1548.9     912.1
    1965.0      66.8      35.5    1555.9     915.8
    1970.0      66.9      35.6    1562.9     919.6
    1975.0      67.1      35.6    1569.9     923.3
    1980.0      67.2      35.7    1576.9     927.1
    1985.0      67.4      35.8    1583.9     930.8
    1990.0      67.6      35.9    1590.9     934.6
    1995.0      67.7      35.9    1597.9     938.3
    2495.0      84.0      43.2    2372.7    1353.2
    2995.0     100.3      50.3    3281.8    1832.9
    3495.0     116.5      57.2    4320.9    2375.9
    3995.0     132.6      64.0    5486.4    2980.7
    4495.0     148.7      70.8    6775.4    3646.3
    4995.0     164.7      77.4    8185.2    4371.5
    5495.0     180.6      83.9    9713.5    5155.6
    5995.0     196.6      90.4   11358.4    5997.8
    6495.0     212.4      96.8   13117.9    6897.3
    6995.0     228.2     103.1   14990.4    7853.5
    7495.0     244.0     109.4   16974.3    8865.9
    7995.0     259.7     115.7   19068.2    9933.9
    8495.0     275.3     121.9   21270.6   11057.1
    8995.0     290.9     128.0   23580.4   12234.9
    9495.0     306.4     134.1   25996.2   13466.9
    9995.0     321.9     140.2   28517.1   14752.8
   10495.0     337.4     146.3   31141.9   16092.3
   10995.0     352.8     152.3   33869.6   17484.8
   11495.0     368.1     158.3   36699.1   18930.2
   11995.0     383.4     164.2   39629.7   20428.0
   12495.0     398.6     170.2   42660.3   21978.1
   12995.0     413.8     176.1   45790.1   23580.1
   13495.0     428.9     181.9   49018.3   25233.8
   13995.0     444.0     187.8   52344.1   26938.9
   14495.0     459.0     193.6   55766.7   28695.2
   14995.0     474.0     199.4   59285.2   30502.4
   15495.0     488.9     205.2   62899.1   32360.3
   15995.0     503.8     211.0   66607.6   34268.7
   16495.0     518.6     216.7   70410.1   36227.5
   16995.0     533.4     222.5   74305.7   38236.3
   17495.0     548.1     228.2   78293.9   40295.0
   17995.0     562.8     233.9   82374.1   42403.4
   18495.0     577.4     239.6   86545.6   44561.4
   18995.0     592.0     245.2   90807.8   46768.8
   19495.0     606.5     250.9   95160.2   49025.4
   19995.0     621.0     256.5   99602.1   51331.0
   20495.0     635.4     262.1  104133.1   53685.6
   20995.0     649.8     267.7  108752.4   56088.9
   21495.0     664.2     273.3  113459.7   58540.7
   21995.0     678.5     278.9  118254.3   61041.1
   22495.0     692.7     284.4  123135.7   63589.7
   22995.0     706.9     290.0  128103.5   66186.6
   23495.0     721.1     295.5  133157.2   68831.4
   23995.0     735.2     301.0  138296.1   71524.2
   24495.0     749.2     306.5  143519.9   74264.9
   24995.0     763.2     312.0  148828.1   77053.2
   25495.0     777.2     317.5  154220.2   79889.0
   25995.0     791.1     323.0  159695.7   82772.3
   26495.0     805.0     328.5  165254.2   85703.0
   26995.0     818.8     333.9  170895.3   88680.8
   27495.0     832.6     339.4  176618.4   91705.8
   27995.0     846.3     344.8  182423.3   94777.8
   28495.0     860.0     350.2  188309.4   97896.7
   28995.0     873.7     355.7  194276.3  101062.4
   29495.0     887.3     361.1  200323.6  104274.9
   29995.0     900.8     366.5  206450.9  107533.9
   30495.0     914.4     371.9  212610.2  110811.6
   30995.0     927.9     377.2  218769.5  114089.2
   31495.0     941.5     382.6  224928.8  117366.9
   31995.0     955.0     388.0  231088.1  120644.6
   32495.0     968.5     393.4  237247.3  123922.3
   32995.0     982.1     398.8  243406.6  127199.9
   33495.0     995.6     404.2  249565.9  130477.6
   33995.0    1009.2     409.6  255725.2  133755.3
   34495.0    1022.7     415.0  261884.5  137032.9
   34995.0    1036.3     420.4  268043.8  140310.6
   35495.0    1049.8     425.8  274203.0  143588.3
   35995.0    1063.3     431.2  280362.3  146866.0
   36495.0    1076.9     436.6  286521.6  150143.6
   36995.0    1090.4     442.0  292680.9  153421.3
   37495.0    1104.0     447.4  298840.2  156699.0
   37995.0    1117.5     452.8  304999.4  159976.6
   38495.0    1131.0     458.1  311158.7  163254.3
   38995.0    1144.6     463.5  317318.0  166532.0
   39495.0    1158.1     468.9  323477.3  169809.7
   39995.0    1171.7     474.3  329636.6  173087.3
   40495.0    1185.2     479.7  335795.9  176365.0
   40995.0    1198.7     485.1  341955.1  179642.7
   41495.0    1212.3     490.5  348114.4  182920.3
   41995.0    1225.8     495.9  354273.7  186198.0
   42495.0    1239.4     501.3  360433.0  189475.7
   42995.0    1252.9     506.7  366592.3  192753.4
   43495.0    1266.5     512.1  372751.5  196031.0
   43995.0    1280.0     517.5  378910.8  199308.7
   44495.0    1293.5     522.9  385070.1  202586.4
   44995.0    1307.1     528.3  391229.4  205864.0
   45495.0    1320.6     533.6  397388.7  209141.7
   45995.0    1334.2     539.0  403548.0  212419.4
   46495.0    1347.7     544.4  409707.2  215697.1
   46995.0    1361.2     549.8  415866.5  218974.7
   47495.0    1374.8     555.2  422025.8  222252.4
   47995.0    1388.3     560.6  428185.1  225530.1
   48495.0    1401.9     566.0  434344.4  228807.7
   48995.0    1415.4     571.4  440503.7  232085.4
   49495.0    1428.9     576.8  446662.9  235363.1
   49995.0    1442.5     582.2  452822.2  238640.8
   50495.0    1456.0     587.6  458981.5  241918.4
   50995.0    1469.6     593.0  465140.8  245196.1
   51495.0    1483.1     598.4  471300.1  248473.8
   51995.0    1496.7     603.8  477459.3  251751.4
   52495.0    1510.2     609.2  483618.6  255029.1
   52995.0    1523.7     614.5  489777.9  258306.8
   53495.0    1537.3     619.9  495937.2  261584.5
   53995.0    1550.8     625.3  502096.5  264862.1
   54495.0    1564.4     630.7  508255.8  268139.8
   54995.0    1577.9     636.1  514415.0  271417.5
   55495.0    1591.4     641.5  520574.3  274695.1
   55995.0    1605.0     646.9  526733.6  277972.8
   56495.0    1618.5     652.3  532892.9  281250.5
   56995.0    1632.1     657.7  539052.2  284528.2
   57495.0    1645.6     663.1  545211.4  287805.8
   57995.0    1659.1     668.5  551370.7  291083.5
   58495.0    1672.7     673.9  557530.0  294361.2
   58995.0    1686.2     679.3  563689.3  297638.8
   59495.0    1699.8     684.7  569848.6  300916.5
   59995.0    1713.3     690.1  576007.9  304194.2
   60495.0    1726.9     695.4  582167.1  307471.9
   60995.0    1740.4     700.8  588326.4  310749.5
   61495.0    1753.9     706.2  594485.7  314027.2
   61995.0    1767.5     711.6  600645.0  317304.9
   62495.0    1781.0     717.0  606804.3  320582.5
   62995.0    1794.6     722.4  612963.5  323860.2
   63495.0    1808.1     727.8  619122.8  327137.9
   63995.0    1821.6     733.2  625282.1  330415.6
   64495.0    1835.2     738.6  631441.4  333693.2
   64995.0    1848.7     744.0  637600.7  336970.9
   65495.0    1862.3     749.4  643760.0  340248.6
   65995.0    1875.8     754.8  649919.2  343526.2
   66495.0    1889.3     760.2  656078.5  346803.9
   66995.0    1902.9     765.6  662237.8  350081.6
   67495.0    1916.4     771.0  668397.1  353359.3
   67995.0    1930.0     776.3  674556.4  356636.9
   68495.0    1943.5     781.7  680715.7  359914.6
   68995.0    1957.1     787.1  686874.9  363192.3
   69495.0    1970.6     792.5  693034.2  366469.9
   69995.0    1984.1     797.9  699193.5  369747.6
   70495.0    1997.7     803.3  705352.8  373025.3
   70995.0    2011.2     808.7  711512.1  376303.0
   71495.0    2024.8     814.1  717671.3  379580.6
   71995.0    2038.3     819.5  723830.6  382858.3
   72495.0    2051.8     824.9  729989.9  386136.0
   72995.0    2065.4     830.3  736149.2  389413.6
   73495.0    2078.9     835.7  742308.5  392691.3
   73995.0    2092.5     841.1  748467.8  395969.0
   74495.0    2106.0     846.5  754627.0  399246.7
   74995.0    2119.5     851.8  760786.3  402524.3
   75495.0    2133.1     857.2  766945.6  405802.0
   75995.0    2146.6     862.6  773104.9  409079.7
   76495.0    2160.2     868.0  779264.2  412357.3
   76995.0    2173.7     873.4  785423.4  415635.0
   77495.0    2187.3     878.8  791582.7  418912.7
   77995.0    2200.8     884.2  797742.0  422190.4
   78495.0    2214.3     889.6  803901.3  425468.0
   78995.0    2227.9     895.0  810060.6  428745.7
   79495.0    2241.4     900.4  816219.9  432023.4
   79995.0    2255.0     905.8  822379.1  435301.0
   80495.0    2268.5     911.2  828538.4  438578.7
   80995.0    2282.0     916.6  834697.7  441856.4
   81495.0    2295.6     922.0  840857.0  445134.1
   81995.0    2309.1     927.4  847016.3  448411.7
   82495.0    2322.7     932.7  853175.5  451689.4
   82995.0    2336.2     938.1  859334.8  454967.1
   83495.0    2349.7     943.5  865494.1  458244.7
   83995.0    2363.3     948.9  871653.4  461522.4
   84495.0    2376.8     954.3  877812.7  464800.1
   84995.0    2390.4     959.7  883972.0  468077.8
   85495.0    2403.9     965.1  890131.2  471355.4
   85995.0    2417.5     970.5  896290.5  474633.1
   86495.0    2431.0     975.9  902449.8  477910.8
   86995.0    2444.5     981.3  908609.1  481188.4
   87495.0    2458.1     986.7  914768.4  484466.1
   87995.0    2471.6     992.1  920927.7  487743.8
   88495.0    2485.2     997.5  927086.9  491021.5
   88995.0    2498.7    1002.9  933246.2  494299.1
   89495.0    2512.2    1008.3  939405.5  497576.8
   89995.0    2525.8    1013.6  945564.8  500854.5
   90495.0    2539.3    1019.0  951724.1  504132.1
   90995.0    2552.9    1024.4  957883.3  507409.8
   91495.0    2566.4    1029.8  964042.6  510687.5
   91995.0    2579.9    1035.2  970201.9  513965.2
   92495.0    2593.5    1040.6  976361.2  517242.8
   92995.0    2607.0    1046.0  982520.5  520520.5
   93495.0    2620.6    1051.4  988679.8  523798.2
   93995.0    2634.1    1056.8  994839.0  527075.8
   94495.0    2647.7    1062.2 1000998.3  530353.5
   94995.0    2661.2    1067.6 1007157.6  533631.2
   95495.0    2674.7    1073.0 1013316.9  536908.9
   95995.0    2688.3    1078.4 1019476.2  540186.5
   96495.0    2701.8    1083.8 1025635.4  543464.2
   96995.0    2715.4    1089.2 1031794.7  546741.9
   97495.0    2728.9    1094.5 1037954.0  550019.5
   97995.0    2742.4    1099.9 1044113.3  553297.2
   98495.0    2756.0    1105.3 1050272.6  556574.9
   98995.0    2769.5    1110.7 1056431.9  559852.6
   99495.0    2783.1    1116.1 1062591.1  563130.2
