# Characteristic  Pathlengths (in Angstroem) for Electron Transport in Cr
#
# ener(eV)      EMFP      IMFP     TRMFP      LNRG   
       5.0       2.3      90.9       2.5       0.1
      10.0       1.2      44.5       1.3       0.1
      15.0       0.9      21.0       1.1       0.1
      20.0       0.9      14.4       1.3       0.1
      25.0       1.0      11.7       1.7       0.1
      30.0       1.2      10.1       2.2       0.1
      35.0       1.3       8.9       2.6       0.1
      40.0       1.5       7.8       3.0       0.1
      45.0       1.6       6.8       3.3       1.2
      50.0       1.7       6.1       3.5       2.3
      55.0       1.8       5.7       3.7       3.3
      60.0       1.8       5.4       3.9       4.3
      65.0       1.9       5.2       4.0       5.2
      70.0       2.0       5.1       4.2       6.1
      75.0       2.0       5.0       4.3       7.0
      80.0       2.1       5.0       4.4       7.8
      85.0       2.2       5.0       4.6       8.6
      90.0       2.2       5.0       4.7       9.5
      95.0       2.3       5.0       4.8      10.3
     100.0       2.3       5.0       5.0      11.0
     105.0       2.4       5.0       5.1      11.8
     110.0       2.4       5.1       5.2      12.6
     115.0       2.5       5.1       5.4      13.3
     120.0       2.5       5.1       5.5      14.1
     125.0       2.6       5.2       5.6      14.9
     130.0       2.6       5.2       5.8      15.6
     135.0       2.7       5.3       5.9      16.3
     140.0       2.7       5.4       6.0      17.1
     145.0       2.8       5.4       6.2      17.8
     150.0       2.8       5.5       6.3      18.6
     155.0       2.8       5.5       6.5      19.3
     160.0       2.9       5.6       6.6      20.1
     165.0       2.9       5.7       6.8      20.8
     170.0       3.0       5.7       6.9      21.5
     175.0       3.0       5.8       7.1      22.3
     180.0       3.0       5.9       7.2      23.0
     185.0       3.1       5.9       7.4      23.7
     190.0       3.1       6.0       7.5      24.5
     195.0       3.2       6.1       7.7      25.2
     200.0       3.2       6.1       7.9      26.0
     205.0       3.2       6.2       8.0      26.7
     210.0       3.3       6.3       8.2      27.5
     215.0       3.3       6.3       8.3      28.2
     220.0       3.4       6.4       8.5      29.0
     225.0       3.4       6.5       8.7      29.7
     230.0       3.4       6.6       8.9      30.5
     235.0       3.5       6.6       9.0      31.2
     240.0       3.5       6.7       9.2      32.0
     245.0       3.5       6.8       9.4      32.8
     250.0       3.6       6.8       9.5      33.5
     255.0       3.6       6.9       9.7      34.3
     260.0       3.6       7.0       9.9      35.1
     265.0       3.7       7.1      10.1      35.9
     270.0       3.7       7.1      10.2      36.6
     275.0       3.8       7.2      10.4      37.4
     280.0       3.8       7.3      10.6      38.2
     285.0       3.8       7.4      10.8      39.0
     290.0       3.9       7.4      11.0      39.8
     295.0       3.9       7.5      11.2      40.6
     300.0       3.9       7.6      11.3      41.4
     305.0       4.0       7.6      11.5      42.2
     310.0       4.0       7.7      11.7      43.0
     315.0       4.0       7.8      11.9      43.8
     320.0       4.0       7.9      12.1      44.6
     325.0       4.1       7.9      12.3      45.4
     330.0       4.1       8.0      12.5      46.2
     335.0       4.1       8.1      12.7      47.1
     340.0       4.2       8.2      12.9      47.9
     345.0       4.2       8.2      13.1      48.7
     350.0       4.2       8.3      13.3      49.5
     355.0       4.3       8.4      13.5      50.4
     360.0       4.3       8.4      13.7      51.2
     365.0       4.3       8.5      13.9      52.1
     370.0       4.4       8.6      14.1      52.9
     375.0       4.4       8.7      14.3      53.7
     380.0       4.4       8.7      14.5      54.6
     385.0       4.4       8.8      14.7      55.5
     390.0       4.5       8.9      14.9      56.3
     395.0       4.5       8.9      15.1      57.2
     400.0       4.5       9.0      15.3      58.0
     405.0       4.6       9.1      15.5      58.9
     410.0       4.6       9.2      15.7      59.8
     415.0       4.6       9.2      15.9      60.7
     420.0       4.6       9.3      16.1      61.6
     425.0       4.7       9.4      16.4      62.4
     430.0       4.7       9.4      16.6      63.3
     435.0       4.7       9.5      16.8      64.2
     440.0       4.8       9.6      17.0      65.1
     445.0       4.8       9.7      17.2      66.0
     450.0       4.8       9.7      17.4      66.9
     455.0       4.8       9.8      17.7      67.8
     460.0       4.9       9.9      17.9      68.7
     465.0       4.9       9.9      18.1      69.7
     470.0       4.9      10.0      18.3      70.6
     475.0       5.0      10.1      18.5      71.5
     480.0       5.0      10.2      18.8      72.4
     485.0       5.0      10.2      19.0      73.4
     490.0       5.0      10.3      19.2      74.3
     495.0       5.1      10.4      19.4      75.2
     500.0       5.1      10.4      19.7      76.2
     505.0       5.1      10.5      19.9      77.1
     510.0       5.1      10.6      20.1      78.1
     515.0       5.2      10.7      20.4      79.0
     520.0       5.2      10.7      20.6      80.0
     525.0       5.2      10.8      20.8      80.9
     530.0       5.2      10.9      21.1      81.9
     535.0       5.3      10.9      21.3      82.9
     540.0       5.3      11.0      21.5      83.8
     545.0       5.3      11.1      21.8      84.8
     550.0       5.3      11.1      22.0      85.8
     555.0       5.4      11.2      22.3      86.8
     560.0       5.4      11.3      22.5      87.8
     565.0       5.4      11.4      22.7      88.8
     570.0       5.4      11.4      23.0      89.8
     575.0       5.5      11.5      23.2      90.7
     580.0       5.5      11.6      23.5      91.8
     585.0       5.5      11.6      23.7      92.8
     590.0       5.5      11.7      24.0      93.8
     595.0       5.6      11.8      24.2      94.8
     600.0       5.6      11.8      24.4      95.8
     605.0       5.6      11.9      24.7      96.8
     610.0       5.6      12.0      24.9      97.9
     615.0       5.7      12.1      25.2      98.9
     620.0       5.7      12.1      25.4      99.9
     625.0       5.7      12.2      25.7     101.0
     630.0       5.7      12.3      25.9     102.0
     635.0       5.8      12.3      26.2     103.0
     640.0       5.8      12.4      26.5     104.1
     645.0       5.8      12.5      26.7     105.1
     650.0       5.8      12.5      27.0     106.2
     655.0       5.9      12.6      27.2     107.3
     660.0       5.9      12.7      27.5     108.3
     665.0       5.9      12.7      27.7     109.4
     670.0       5.9      12.8      28.0     110.5
     675.0       5.9      12.9      28.3     111.5
     680.0       6.0      12.9      28.5     112.6
     685.0       6.0      13.0      28.8     113.7
     690.0       6.0      13.1      29.0     114.8
     695.0       6.0      13.2      29.3     115.9
     700.0       6.1      13.2      29.6     117.0
     705.0       6.1      13.3      29.8     118.1
     710.0       6.1      13.4      30.1     119.2
     715.0       6.1      13.4      30.4     120.3
     720.0       6.2      13.5      30.6     121.4
     725.0       6.2      13.6      30.9     122.5
     730.0       6.2      13.6      31.2     123.6
     735.0       6.2      13.7      31.5     124.8
     740.0       6.2      13.8      31.7     125.9
     745.0       6.3      13.8      32.0     127.0
     750.0       6.3      13.9      32.3     128.1
     755.0       6.3      14.0      32.6     129.3
     760.0       6.3      14.0      32.8     130.4
     765.0       6.4      14.1      33.1     131.6
     770.0       6.4      14.2      33.4     132.7
     775.0       6.4      14.2      33.7     133.9
     780.0       6.4      14.3      33.9     135.0
     785.0       6.4      14.4      34.2     136.2
     790.0       6.5      14.4      34.5     137.4
     795.0       6.5      14.5      34.8     138.5
     800.0       6.5      14.6      35.1     139.7
     805.0       6.5      14.6      35.3     140.9
     810.0       6.6      14.7      35.6     142.1
     815.0       6.6      14.8      35.9     143.2
     820.0       6.6      14.8      36.2     144.4
     825.0       6.6      14.9      36.5     145.6
     830.0       6.6      15.0      36.8     146.8
     835.0       6.7      15.0      37.1     148.0
     840.0       6.7      15.1      37.3     149.2
     845.0       6.7      15.2      37.6     150.4
     850.0       6.7      15.2      37.9     151.6
     855.0       6.7      15.3      38.2     152.8
     860.0       6.8      15.4      38.5     154.1
     865.0       6.8      15.4      38.8     155.3
     870.0       6.8      15.5      39.1     156.5
     875.0       6.8      15.6      39.4     157.7
     880.0       6.9      15.6      39.7     159.0
     885.0       6.9      15.7      40.0     160.2
     890.0       6.9      15.8      40.3     161.5
     895.0       6.9      15.8      40.6     162.7
     900.0       6.9      15.9      40.9     163.9
     905.0       7.0      16.0      41.2     165.2
     910.0       7.0      16.0      41.5     166.5
     915.0       7.0      16.1      41.8     167.7
     920.0       7.0      16.2      42.1     169.0
     925.0       7.0      16.2      42.4     170.3
     930.0       7.1      16.3      42.7     171.5
     935.0       7.1      16.4      43.0     172.8
     940.0       7.1      16.4      43.3     174.1
     945.0       7.1      16.5      43.6     175.4
     950.0       7.2      16.6      43.9     176.6
     955.0       7.2      16.6      44.2     177.9
     960.0       7.2      16.7      44.5     179.2
     965.0       7.2      16.8      44.8     180.5
     970.0       7.2      16.8      45.1     181.8
     975.0       7.3      16.9      45.5     183.1
     980.0       7.3      17.0      45.8     184.4
     985.0       7.3      17.0      46.1     185.8
     990.0       7.3      17.1      46.4     187.1
     995.0       7.3      17.1      46.7     188.4
    1000.0       7.4      17.2      47.0     189.7
    1005.0       7.4      17.3      47.3     191.1
    1010.0       7.4      17.3      47.7     192.4
    1015.0       7.4      17.4      48.0     193.8
    1020.0       7.4      17.5      48.3     195.1
    1025.0       7.5      17.5      48.6     196.5
    1030.0       7.5      17.6      48.9     197.9
    1035.0       7.5      17.7      49.3     199.2
    1040.0       7.5      17.7      49.6     200.6
    1045.0       7.5      17.8      49.9     201.9
    1050.0       7.6      17.9      50.2     203.3
    1055.0       7.6      17.9      50.5     204.7
    1060.0       7.6      18.0      50.9     206.1
    1065.0       7.6      18.1      51.2     207.5
    1070.0       7.6      18.1      51.5     208.9
    1075.0       7.7      18.2      51.8     210.2
    1080.0       7.7      18.3      52.2     211.6
    1085.0       7.7      18.3      52.5     213.0
    1090.0       7.7      18.4      52.8     214.4
    1095.0       7.7      18.4      53.1     215.8
    1100.0       7.8      18.5      53.5     217.2
    1105.0       7.8      18.6      53.8     218.7
    1110.0       7.8      18.6      54.1     220.1
    1115.0       7.8      18.7      54.5     221.5
    1120.0       7.8      18.8      54.8     222.9
    1125.0       7.9      18.8      55.1     224.4
    1130.0       7.9      18.9      55.5     225.8
    1135.0       7.9      19.0      55.8     227.2
    1140.0       7.9      19.0      56.1     228.7
    1145.0       7.9      19.1      56.5     230.1
    1150.0       8.0      19.1      56.8     231.5
    1155.0       8.0      19.2      57.2     233.0
    1160.0       8.0      19.3      57.5     234.5
    1165.0       8.0      19.3      57.8     235.9
    1170.0       8.0      19.4      58.2     237.4
    1175.0       8.1      19.5      58.5     238.9
    1180.0       8.1      19.5      58.9     240.3
    1185.0       8.1      19.6      59.2     241.8
    1190.0       8.1      19.7      59.5     243.2
    1195.0       8.1      19.7      59.9     244.7
    1200.0       8.2      19.8      60.2     246.2
    1205.0       8.2      19.9      60.6     247.7
    1210.0       8.2      19.9      60.9     249.2
    1215.0       8.2      20.0      61.3     250.7
    1220.0       8.2      20.0      61.6     252.2
    1225.0       8.3      20.1      62.0     253.7
    1230.0       8.3      20.2      62.3     255.1
    1235.0       8.3      20.2      62.7     256.6
    1240.0       8.3      20.3      63.0     258.1
    1245.0       8.3      20.4      63.4     259.6
    1250.0       8.3      20.4      63.7     261.1
    1255.0       8.4      20.5      64.1     262.7
    1260.0       8.4      20.5      64.4     264.2
    1265.0       8.4      20.6      64.8     265.7
    1270.0       8.4      20.7      65.1     267.2
    1275.0       8.4      20.7      65.5     268.8
    1280.0       8.5      20.8      65.9     270.3
    1285.0       8.5      20.9      66.2     271.8
    1290.0       8.5      20.9      66.6     273.3
    1295.0       8.5      21.0      66.9     274.8
    1300.0       8.5      21.0      67.3     276.4
    1305.0       8.6      21.1      67.7     277.9
    1310.0       8.6      21.2      68.0     279.5
    1315.0       8.6      21.2      68.4     281.0
    1320.0       8.6      21.3      68.7     282.6
    1325.0       8.6      21.4      69.1     284.1
    1330.0       8.7      21.4      69.5     285.7
    1335.0       8.7      21.5      69.8     287.2
    1340.0       8.7      21.5      70.2     288.8
    1345.0       8.7      21.6      70.6     290.3
    1350.0       8.7      21.7      70.9     291.9
    1355.0       8.7      21.7      71.3     293.5
    1360.0       8.8      21.8      71.7     295.1
    1365.0       8.8      21.8      72.0     296.6
    1370.0       8.8      21.9      72.4     298.2
    1375.0       8.8      22.0      72.8     299.8
    1380.0       8.8      22.0      73.1     301.4
    1385.0       8.9      22.1      73.5     302.9
    1390.0       8.9      22.2      73.9     304.5
    1395.0       8.9      22.2      74.3     306.1
    1400.0       8.9      22.3      74.6     307.7
    1405.0       8.9      22.3      75.0     309.3
    1410.0       9.0      22.4      75.4     310.9
    1415.0       9.0      22.5      75.8     312.5
    1420.0       9.0      22.5      76.1     314.1
    1425.0       9.0      22.6      76.5     315.7
    1430.0       9.0      22.6      76.9     317.3
    1435.0       9.0      22.7      77.3     318.9
    1440.0       9.1      22.8      77.6     320.5
    1445.0       9.1      22.8      78.0     322.1
    1450.0       9.1      22.9      78.4     323.8
    1455.0       9.1      22.9      78.8     325.4
    1460.0       9.1      23.0      79.2     327.0
    1465.0       9.2      23.1      79.6     328.6
    1470.0       9.2      23.1      79.9     330.3
    1475.0       9.2      23.2      80.3     331.9
    1480.0       9.2      23.3      80.7     333.5
    1485.0       9.2      23.3      81.1     335.2
    1490.0       9.2      23.4      81.5     336.8
    1495.0       9.3      23.4      81.9     338.4
    1500.0       9.3      23.5      82.3     340.1
    1505.0       9.3      23.6      82.6     341.7
    1510.0       9.3      23.6      83.0     343.4
    1515.0       9.3      23.7      83.4     345.0
    1520.0       9.4      23.7      83.8     346.7
    1525.0       9.4      23.8      84.2     348.3
    1530.0       9.4      23.9      84.6     350.0
    1535.0       9.4      23.9      85.0     351.6
    1540.0       9.4      24.0      85.4     353.3
    1545.0       9.4      24.0      85.8     354.9
    1550.0       9.5      24.1      86.2     356.6
    1555.0       9.5      24.2      86.6     358.3
    1560.0       9.5      24.2      87.0     360.0
    1565.0       9.5      24.3      87.4     361.7
    1570.0       9.5      24.3      87.8     363.3
    1575.0       9.6      24.4      88.2     365.0
    1580.0       9.6      24.5      88.6     366.7
    1585.0       9.6      24.5      89.0     368.4
    1590.0       9.6      24.6      89.4     370.1
    1595.0       9.6      24.6      89.8     371.7
    1600.0       9.6      24.7      90.2     373.4
    1605.0       9.7      24.8      90.6     375.1
    1610.0       9.7      24.8      91.0     376.9
    1615.0       9.7      24.9      91.4     378.6
    1620.0       9.7      24.9      91.8     380.3
    1625.0       9.7      25.0      92.2     382.0
    1630.0       9.8      25.1      92.6     383.7
    1635.0       9.8      25.1      93.0     385.4
    1640.0       9.8      25.2      93.4     387.1
    1645.0       9.8      25.2      93.8     388.8
    1650.0       9.8      25.3      94.2     390.5
    1655.0       9.8      25.4      94.6     392.2
    1660.0       9.9      25.4      95.0     394.0
    1665.0       9.9      25.5      95.4     395.7
    1670.0       9.9      25.5      95.9     397.4
    1675.0       9.9      25.6      96.3     399.2
    1680.0       9.9      25.7      96.7     400.9
    1685.0      10.0      25.7      97.1     402.6
    1690.0      10.0      25.8      97.5     404.3
    1695.0      10.0      25.8      97.9     406.1
    1700.0      10.0      25.9      98.3     407.8
    1705.0      10.0      26.0      98.7     409.6
    1710.0      10.0      26.0      99.2     411.3
    1715.0      10.1      26.1      99.6     413.1
    1720.0      10.1      26.1     100.0     414.8
    1725.0      10.1      26.2     100.4     416.6
    1730.0      10.1      26.3     100.8     418.3
    1735.0      10.1      26.3     101.3     420.1
    1740.0      10.1      26.4     101.7     421.9
    1745.0      10.2      26.4     102.1     423.6
    1750.0      10.2      26.5     102.5     425.4
    1755.0      10.2      26.6     102.9     427.2
    1760.0      10.2      26.6     103.4     428.9
    1765.0      10.2      26.7     103.8     430.7
    1770.0      10.3      26.7     104.2     432.5
    1775.0      10.3      26.8     104.6     434.3
    1780.0      10.3      26.8     105.1     436.1
    1785.0      10.3      26.9     105.5     437.8
    1790.0      10.3      27.0     105.9     439.6
    1795.0      10.3      27.0     106.3     441.4
    1800.0      10.4      27.1     106.8     443.2
    1805.0      10.4      27.1     107.2     445.0
    1810.0      10.4      27.2     107.6     446.8
    1815.0      10.4      27.3     108.1     448.6
    1820.0      10.4      27.3     108.5     450.4
    1825.0      10.4      27.4     108.9     452.2
    1830.0      10.5      27.4     109.4     454.0
    1835.0      10.5      27.5     109.8     455.8
    1840.0      10.5      27.6     110.2     457.6
    1845.0      10.5      27.6     110.7     459.4
    1850.0      10.5      27.7     111.1     461.2
    1855.0      10.6      27.7     111.5     463.1
    1860.0      10.6      27.8     112.0     464.9
    1865.0      10.6      27.8     112.4     466.7
    1870.0      10.6      27.9     112.8     468.5
    1875.0      10.6      28.0     113.3     470.4
    1880.0      10.6      28.0     113.7     472.2
    1885.0      10.7      28.1     114.2     474.0
    1890.0      10.7      28.1     114.6     475.8
    1895.0      10.7      28.2     115.0     477.7
    1900.0      10.7      28.3     115.5     479.5
    1905.0      10.7      28.3     115.9     481.4
    1910.0      10.7      28.4     116.4     483.2
    1915.0      10.8      28.4     116.8     485.1
    1920.0      10.8      28.5     117.2     486.9
    1925.0      10.8      28.6     117.7     488.8
    1930.0      10.8      28.6     118.1     490.6
    1935.0      10.8      28.7     118.6     492.5
    1940.0      10.8      28.7     119.0     494.3
    1945.0      10.9      28.8     119.5     496.2
    1950.0      10.9      28.8     119.9     498.0
    1955.0      10.9      28.9     120.4     499.9
    1960.0      10.9      29.0     120.8     501.8
    1965.0      10.9      29.0     121.3     503.7
    1970.0      10.9      29.1     121.7     505.5
    1975.0      11.0      29.1     122.2     507.4
    1980.0      11.0      29.2     122.6     509.3
    1985.0      11.0      29.3     123.1     511.1
    1990.0      11.0      29.3     123.5     513.0
    1995.0      11.0      29.4     124.0     514.9
    2495.0      12.7      35.1     172.5     716.6
    2995.0      14.3      40.7     227.0     941.9
    3495.0      15.8      46.1     287.3    1190.3
    3995.0      17.3      51.5     353.2    1461.7
    4495.0      18.8      56.8     424.6    1755.8
    4995.0      20.3      62.0     501.2    2072.3
    5495.0      21.7      67.1     583.0    2410.9
    5995.0      23.1      72.2     669.9    2771.3
    6495.0      24.5      77.2     761.7    3153.2
    6995.0      25.8      82.2     858.6    3556.7
    7495.0      27.2      87.1     960.2    3981.3
    7995.0      28.5      92.0    1066.7    4426.6
    8495.0      29.9      96.9    1177.9    4892.7
    8995.0      31.2     101.7    1293.8    5379.4
    9495.0      32.5     106.5    1414.3    5886.4
    9995.0      33.8     111.3    1539.4    6413.6
   10495.0      35.1     116.0    1669.0    6960.9
   10995.0      36.4     120.7    1803.1    7528.2
   11495.0      37.7     125.4    1941.7    8115.3
   11995.0      38.9     130.0    2084.6    8722.2
   12495.0      40.2     134.7    2232.0    9348.6
   12995.0      41.5     139.3    2383.7    9994.6
   13495.0      42.7     143.9    2539.6   10660.0
   13995.0      44.0     148.5    2699.9   11344.6
   14495.0      45.2     153.0    2864.3   12048.0
   14995.0      46.4     157.6    3033.0   12770.2
   15495.0      47.7     162.1    3205.8   13510.9
   15995.0      48.9     166.6    3382.7   14270.2
   16495.0      50.1     171.1    3563.8   15047.7
   16995.0      51.3     175.5    3748.9   15843.7
   17495.0      52.5     180.0    3938.1   16657.8
   17995.0      53.7     184.4    4131.3   17490.0
   18495.0      54.9     188.9    4328.5   18340.5
   18995.0      56.1     193.3    4529.7   19209.0
   19495.0      57.3     197.7    4734.8   20095.6
   19995.0      58.5     202.1    4943.8   20999.8
   20495.0      59.7     206.5    5156.7   21921.5
   20995.0      60.8     210.8    5373.5   22860.9
   21495.0      62.0     215.2    5594.1   23818.0
   21995.0      63.2     219.5    5818.5   24792.8
   22495.0      64.3     223.8    6046.7   25785.3
   22995.0      65.5     228.2    6278.7   26795.3
   23495.0      66.7     232.5    6514.5   27822.9
   23995.0      67.8     236.8    6754.0   28868.0
   24495.0      69.0     241.1    6997.1   29930.5
   24995.0      70.1     245.4    7244.0   31010.4
   25495.0      71.2     249.6    7494.6   32107.8
   25995.0      72.4     253.9    7748.8   33222.4
   26495.0      73.5     258.2    8006.6   34354.3
   26995.0      74.6     262.4    8268.0   35503.4
   27495.0      75.7     266.6    8533.0   36669.8
   27995.0      76.9     270.9    8801.6   37853.2
   28495.0      78.0     275.1    9073.8   39053.8
   28995.0      79.1     279.3    9349.4   40271.5
   29495.0      80.2     283.5    9628.6   41506.2
   29995.0      81.3     287.7    9911.3   42757.9
   30495.0      82.4     291.9   10195.4   44016.3
   30995.0      83.5     296.1   10479.5   45274.8
   31495.0      84.6     300.3   10763.5   46533.2
   31995.0      85.7     304.5   11047.6   47791.7
   32495.0      86.8     308.7   11331.7   49050.2
   32995.0      87.9     312.9   11615.8   50308.6
   33495.0      89.0     317.1   11899.9   51567.1
   33995.0      90.1     321.3   12183.9   52825.6
   34495.0      91.2     325.5   12468.0   54084.0
   34995.0      92.3     329.7   12752.1   55342.5
   35495.0      93.4     333.9   13036.2   56601.0
   35995.0      94.5     338.1   13320.2   57859.4
   36495.0      95.6     342.3   13604.3   59117.9
   36995.0      96.7     346.5   13888.4   60376.4
   37495.0      97.8     350.7   14172.5   61634.8
   37995.0      98.9     354.8   14456.5   62893.3
   38495.0     100.0     359.0   14740.6   64151.7
   38995.0     101.1     363.2   15024.7   65410.2
   39495.0     102.2     367.4   15308.8   66668.7
   39995.0     103.3     371.6   15592.9   67927.1
   40495.0     104.4     375.8   15876.9   69185.6
   40995.0     105.5     380.0   16161.0   70444.1
   41495.0     106.6     384.2   16445.1   71702.5
   41995.0     107.7     388.4   16729.2   72961.0
   42495.0     108.8     392.6   17013.2   74219.5
   42995.0     109.9     396.8   17297.3   75477.9
   43495.0     111.0     401.0   17581.4   76736.4
   43995.0     112.1     405.2   17865.5   77994.9
   44495.0     113.2     409.4   18149.5   79253.3
   44995.0     114.3     413.6   18433.6   80511.8
   45495.0     115.4     417.8   18717.7   81770.2
   45995.0     116.5     422.0   19001.8   83028.7
   46495.0     117.6     426.2   19285.9   84287.2
   46995.0     118.7     430.4   19569.9   85545.6
   47495.0     119.8     434.6   19854.0   86804.1
   47995.0     120.9     438.8   20138.1   88062.6
   48495.0     122.0     443.0   20422.2   89321.0
   48995.0     123.1     447.2   20706.2   90579.5
   49495.0     124.2     451.4   20990.3   91838.0
   49995.0     125.3     455.6   21274.4   93096.4
   50495.0     126.4     459.7   21558.5   94354.9
   50995.0     127.5     463.9   21842.6   95613.3
   51495.0     128.6     468.1   22126.6   96871.8
   51995.0     129.7     472.3   22410.7   98130.3
   52495.0     130.8     476.5   22694.8   99388.7
   52995.0     131.9     480.7   22978.9  100647.2
   53495.0     133.0     484.9   23262.9  101905.7
   53995.0     134.1     489.1   23547.0  103164.1
   54495.0     135.2     493.3   23831.1  104422.6
   54995.0     136.3     497.5   24115.2  105681.1
   55495.0     137.4     501.7   24399.2  106939.5
   55995.0     138.5     505.9   24683.3  108198.0
   56495.0     139.6     510.1   24967.4  109456.5
   56995.0     140.6     514.3   25251.5  110714.9
   57495.0     141.7     518.5   25535.6  111973.4
   57995.0     142.8     522.7   25819.6  113231.8
   58495.0     143.9     526.9   26103.7  114490.3
   58995.0     145.0     531.1   26387.8  115748.8
   59495.0     146.1     535.3   26671.9  117007.2
   59995.0     147.2     539.5   26955.9  118265.7
   60495.0     148.3     543.7   27240.0  119524.2
   60995.0     149.4     547.9   27524.1  120782.6
   61495.0     150.5     552.1   27808.2  122041.1
   61995.0     151.6     556.3   28092.2  123299.6
   62495.0     152.7     560.5   28376.3  124558.0
   62995.0     153.8     564.6   28660.4  125816.5
   63495.0     154.9     568.8   28944.5  127075.0
   63995.0     156.0     573.0   29228.6  128333.4
   64495.0     157.1     577.2   29512.6  129591.9
   64995.0     158.2     581.4   29796.7  130850.3
   65495.0     159.3     585.6   30080.8  132108.8
   65995.0     160.4     589.8   30364.9  133367.3
   66495.0     161.5     594.0   30648.9  134625.7
   66995.0     162.6     598.2   30933.0  135884.2
   67495.0     163.7     602.4   31217.1  137142.7
   67995.0     164.8     606.6   31501.2  138401.1
   68495.0     165.9     610.8   31785.2  139659.6
   68995.0     167.0     615.0   32069.3  140918.1
   69495.0     168.1     619.2   32353.4  142176.5
   69995.0     169.2     623.4   32637.5  143435.0
   70495.0     170.3     627.6   32921.6  144693.5
   70995.0     171.4     631.8   33205.6  145951.9
   71495.0     172.5     636.0   33489.7  147210.4
   71995.0     173.6     640.2   33773.8  148468.8
   72495.0     174.7     644.4   34057.9  149727.3
   72995.0     175.8     648.6   34341.9  150985.8
   73495.0     176.9     652.8   34626.0  152244.2
   73995.0     178.0     657.0   34910.1  153502.7
   74495.0     179.1     661.2   35194.2  154761.2
   74995.0     180.2     665.4   35478.2  156019.6
   75495.0     181.3     669.6   35762.3  157278.1
   75995.0     182.4     673.7   36046.4  158536.6
   76495.0     183.5     677.9   36330.5  159795.0
   76995.0     184.6     682.1   36614.6  161053.5
   77495.0     185.7     686.3   36898.6  162311.9
   77995.0     186.8     690.5   37182.7  163570.4
   78495.0     187.9     694.7   37466.8  164828.9
   78995.0     189.0     698.9   37750.9  166087.3
   79495.0     190.1     703.1   38034.9  167345.8
   79995.0     191.2     707.3   38319.0  168604.3
   80495.0     192.3     711.5   38603.1  169862.7
   80995.0     193.4     715.7   38887.2  171121.2
   81495.0     194.5     719.9   39171.2  172379.7
   81995.0     195.6     724.1   39455.3  173638.1
   82495.0     196.7     728.3   39739.4  174896.6
   82995.0     197.8     732.5   40023.5  176155.1
   83495.0     198.9     736.7   40307.6  177413.5
   83995.0     200.0     740.9   40591.6  178672.0
   84495.0     201.1     745.1   40875.7  179930.4
   84995.0     202.2     749.3   41159.8  181188.9
   85495.0     203.3     753.5   41443.9  182447.4
   85995.0     204.4     757.7   41727.9  183705.8
   86495.0     205.5     761.9   42012.0  184964.3
   86995.0     206.6     766.1   42296.1  186222.8
   87495.0     207.7     770.3   42580.2  187481.2
   87995.0     208.8     774.5   42864.2  188739.7
   88495.0     209.9     778.6   43148.3  189998.2
   88995.0     211.0     782.8   43432.4  191256.6
   89495.0     212.1     787.0   43716.5  192515.1
   89995.0     213.2     791.2   44000.6  193773.6
   90495.0     214.3     795.4   44284.6  195032.0
   90995.0     215.4     799.6   44568.7  196290.5
   91495.0     216.5     803.8   44852.8  197548.9
   91995.0     217.6     808.0   45136.9  198807.4
   92495.0     218.7     812.2   45420.9  200065.9
   92995.0     219.8     816.4   45705.0  201324.3
   93495.0     220.9     820.6   45989.1  202582.8
   93995.0     222.0     824.8   46273.2  203841.3
   94495.0     223.1     829.0   46557.2  205099.7
   94995.0     224.2     833.2   46841.3  206358.2
   95495.0     225.3     837.4   47125.4  207616.7
   95995.0     226.4     841.6   47409.5  208875.1
   96495.0     227.5     845.8   47693.6  210133.6
   96995.0     228.6     850.0   47977.6  211392.1
   97495.0     229.7     854.2   48261.7  212650.5
   97995.0     230.8     858.4   48545.8  213909.0
   98495.0     231.9     862.6   48829.9  215167.4
   98995.0     233.0     866.8   49113.9  216425.9
   99495.0     234.1     871.0   49398.0  217684.4
