# Characteristic  Pathlengths (in Angstroem) for Electron Transport in Cu
#
# ener(eV)      EMFP      IMFP     TRMFP      LNRG   
       5.0       1.1      51.8       1.0       0.1
      10.0       3.9      28.5       2.6       0.1
      15.0       6.6      17.9       4.0       0.1
      20.0       7.9      13.7       5.1       0.1
      25.0       7.6      11.3       5.9       0.1
      30.0       6.6       9.8       6.3       0.1
      35.0       5.7       8.6       6.3       0.1
      40.0       5.0       7.8       6.2       0.1
      45.0       4.5       7.2       6.0       1.5
      50.0       4.1       6.9       5.8       2.9
      55.0       3.8       6.5       5.7       4.1
      60.0       3.5       6.3       5.5       5.3
      65.0       3.4       6.1       5.4       6.5
      70.0       3.2       6.0       5.3       7.6
      75.0       3.1       5.9       5.3       8.6
      80.0       3.0       5.9       5.3       9.6
      85.0       3.0       5.9       5.2      10.6
      90.0       2.9       5.9       5.3      11.6
      95.0       2.9       5.9       5.3      12.5
     100.0       2.9       5.9       5.3      13.4
     105.0       2.9       5.9       5.4      14.3
     110.0       2.9       6.0       5.4      15.2
     115.0       2.8       6.0       5.5      16.1
     120.0       2.8       6.0       5.5      16.9
     125.0       2.8       6.1       5.6      17.8
     130.0       2.9       6.1       5.7      18.6
     135.0       2.9       6.2       5.8      19.4
     140.0       2.9       6.2       5.9      20.2
     145.0       2.9       6.3       5.9      21.0
     150.0       2.9       6.3       6.0      21.8
     155.0       2.9       6.4       6.1      22.6
     160.0       2.9       6.4       6.2      23.4
     165.0       2.9       6.5       6.3      24.2
     170.0       3.0       6.6       6.5      25.0
     175.0       3.0       6.6       6.6      25.8
     180.0       3.0       6.7       6.7      26.6
     185.0       3.0       6.7       6.8      27.3
     190.0       3.0       6.8       6.9      28.1
     195.0       3.1       6.9       7.0      28.9
     200.0       3.1       6.9       7.2      29.6
     205.0       3.1       7.0       7.3      30.4
     210.0       3.1       7.1       7.4      31.2
     215.0       3.2       7.1       7.5      31.9
     220.0       3.2       7.2       7.6      32.7
     225.0       3.2       7.3       7.8      33.4
     230.0       3.2       7.3       7.9      34.2
     235.0       3.3       7.4       8.0      34.9
     240.0       3.3       7.4       8.2      35.7
     245.0       3.3       7.5       8.3      36.4
     250.0       3.3       7.6       8.4      37.2
     255.0       3.3       7.6       8.6      37.9
     260.0       3.4       7.7       8.7      38.6
     265.0       3.4       7.8       8.8      39.4
     270.0       3.4       7.8       9.0      40.1
     275.0       3.4       7.9       9.1      40.9
     280.0       3.5       8.0       9.3      41.6
     285.0       3.5       8.0       9.4      42.4
     290.0       3.5       8.1       9.6      43.1
     295.0       3.5       8.2       9.7      43.8
     300.0       3.6       8.2       9.8      44.6
     305.0       3.6       8.3      10.0      45.3
     310.0       3.6       8.4      10.1      46.1
     315.0       3.6       8.4      10.3      46.8
     320.0       3.7       8.5      10.4      47.5
     325.0       3.7       8.6      10.6      48.3
     330.0       3.7       8.6      10.7      49.0
     335.0       3.7       8.7      10.9      49.8
     340.0       3.8       8.8      11.0      50.5
     345.0       3.8       8.8      11.2      51.3
     350.0       3.8       8.9      11.4      52.0
     355.0       3.8       9.0      11.5      52.8
     360.0       3.9       9.0      11.7      53.5
     365.0       3.9       9.1      11.8      54.3
     370.0       3.9       9.2      12.0      55.0
     375.0       3.9       9.2      12.1      55.8
     380.0       4.0       9.3      12.3      56.5
     385.0       4.0       9.4      12.5      57.3
     390.0       4.0       9.4      12.6      58.0
     395.0       4.0       9.5      12.8      58.8
     400.0       4.0       9.6      12.9      59.5
     405.0       4.1       9.6      13.1      60.3
     410.0       4.1       9.7      13.3      61.0
     415.0       4.1       9.8      13.4      61.8
     420.0       4.1       9.8      13.6      62.6
     425.0       4.2       9.9      13.8      63.3
     430.0       4.2      10.0      13.9      64.1
     435.0       4.2      10.0      14.1      64.9
     440.0       4.2      10.1      14.3      65.6
     445.0       4.3      10.2      14.5      66.4
     450.0       4.3      10.2      14.6      67.2
     455.0       4.3      10.3      14.8      67.9
     460.0       4.3      10.4      15.0      68.7
     465.0       4.3      10.4      15.1      69.5
     470.0       4.4      10.5      15.3      70.3
     475.0       4.4      10.6      15.5      71.0
     480.0       4.4      10.6      15.7      71.8
     485.0       4.4      10.7      15.8      72.6
     490.0       4.5      10.8      16.0      73.4
     495.0       4.5      10.8      16.2      74.2
     500.0       4.5      10.9      16.4      75.0
     505.0       4.5      11.0      16.6      75.8
     510.0       4.5      11.0      16.7      76.5
     515.0       4.6      11.1      16.9      77.3
     520.0       4.6      11.2      17.1      78.1
     525.0       4.6      11.2      17.3      78.9
     530.0       4.6      11.3      17.5      79.7
     535.0       4.7      11.4      17.6      80.5
     540.0       4.7      11.4      17.8      81.3
     545.0       4.7      11.5      18.0      82.1
     550.0       4.7      11.6      18.2      83.0
     555.0       4.7      11.6      18.4      83.8
     560.0       4.8      11.7      18.6      84.6
     565.0       4.8      11.8      18.8      85.4
     570.0       4.8      11.8      18.9      86.2
     575.0       4.8      11.9      19.1      87.0
     580.0       4.8      11.9      19.3      87.8
     585.0       4.9      12.0      19.5      88.7
     590.0       4.9      12.1      19.7      89.5
     595.0       4.9      12.1      19.9      90.3
     600.0       4.9      12.2      20.1      91.1
     605.0       4.9      12.3      20.3      92.0
     610.0       5.0      12.3      20.5      92.8
     615.0       5.0      12.4      20.7      93.6
     620.0       5.0      12.5      20.9      94.5
     625.0       5.0      12.5      21.1      95.3
     630.0       5.1      12.6      21.2      96.1
     635.0       5.1      12.7      21.4      97.0
     640.0       5.1      12.7      21.6      97.8
     645.0       5.1      12.8      21.8      98.7
     650.0       5.1      12.9      22.0      99.5
     655.0       5.2      12.9      22.2     100.4
     660.0       5.2      13.0      22.4     101.2
     665.0       5.2      13.1      22.6     102.1
     670.0       5.2      13.1      22.8     102.9
     675.0       5.2      13.2      23.0     103.8
     680.0       5.3      13.3      23.2     104.7
     685.0       5.3      13.3      23.4     105.5
     690.0       5.3      13.4      23.6     106.4
     695.0       5.3      13.5      23.9     107.3
     700.0       5.3      13.5      24.1     108.1
     705.0       5.3      13.6      24.3     109.0
     710.0       5.4      13.7      24.5     109.9
     715.0       5.4      13.7      24.7     110.8
     720.0       5.4      13.8      24.9     111.6
     725.0       5.4      13.8      25.1     112.5
     730.0       5.4      13.9      25.3     113.4
     735.0       5.5      14.0      25.5     114.3
     740.0       5.5      14.0      25.7     115.2
     745.0       5.5      14.1      25.9     116.1
     750.0       5.5      14.2      26.1     117.0
     755.0       5.5      14.2      26.4     117.9
     760.0       5.6      14.3      26.6     118.8
     765.0       5.6      14.4      26.8     119.7
     770.0       5.6      14.4      27.0     120.6
     775.0       5.6      14.5      27.2     121.5
     780.0       5.6      14.6      27.4     122.4
     785.0       5.7      14.6      27.6     123.3
     790.0       5.7      14.7      27.9     124.2
     795.0       5.7      14.8      28.1     125.1
     800.0       5.7      14.8      28.3     126.0
     805.0       5.7      14.9      28.5     126.9
     810.0       5.7      14.9      28.7     127.9
     815.0       5.8      15.0      28.9     128.8
     820.0       5.8      15.1      29.2     129.7
     825.0       5.8      15.1      29.4     130.6
     830.0       5.8      15.2      29.6     131.6
     835.0       5.8      15.3      29.8     132.5
     840.0       5.9      15.3      30.0     133.4
     845.0       5.9      15.4      30.3     134.4
     850.0       5.9      15.5      30.5     135.3
     855.0       5.9      15.5      30.7     136.3
     860.0       5.9      15.6      30.9     137.2
     865.0       5.9      15.6      31.2     138.1
     870.0       6.0      15.7      31.4     139.1
     875.0       6.0      15.8      31.6     140.0
     880.0       6.0      15.8      31.8     141.0
     885.0       6.0      15.9      32.1     142.0
     890.0       6.0      16.0      32.3     142.9
     895.0       6.1      16.0      32.5     143.9
     900.0       6.1      16.1      32.8     144.8
     905.0       6.1      16.2      33.0     145.8
     910.0       6.1      16.2      33.2     146.8
     915.0       6.1      16.3      33.4     147.7
     920.0       6.1      16.3      33.7     148.7
     925.0       6.2      16.4      33.9     149.7
     930.0       6.2      16.5      34.1     150.7
     935.0       6.2      16.5      34.4     151.6
     940.0       6.2      16.6      34.6     152.6
     945.0       6.2      16.7      34.8     153.6
     950.0       6.3      16.7      35.1     154.6
     955.0       6.3      16.8      35.3     155.6
     960.0       6.3      16.9      35.5     156.6
     965.0       6.3      16.9      35.8     157.6
     970.0       6.3      17.0      36.0     158.6
     975.0       6.3      17.0      36.3     159.6
     980.0       6.4      17.1      36.5     160.6
     985.0       6.4      17.2      36.7     161.6
     990.0       6.4      17.2      37.0     162.6
     995.0       6.4      17.3      37.2     163.6
    1000.0       6.4      17.4      37.5     164.6
    1005.0       6.4      17.4      37.7     165.6
    1010.0       6.5      17.5      37.9     166.7
    1015.0       6.5      17.5      38.2     167.7
    1020.0       6.5      17.6      38.4     168.7
    1025.0       6.5      17.7      38.7     169.7
    1030.0       6.5      17.7      38.9     170.8
    1035.0       6.5      17.8      39.2     171.8
    1040.0       6.6      17.9      39.4     172.8
    1045.0       6.6      17.9      39.6     173.9
    1050.0       6.6      18.0      39.9     174.9
    1055.0       6.6      18.0      40.1     176.0
    1060.0       6.6      18.1      40.4     177.0
    1065.0       6.6      18.2      40.6     178.1
    1070.0       6.7      18.2      40.9     179.1
    1075.0       6.7      18.3      41.1     180.2
    1080.0       6.7      18.4      41.4     181.2
    1085.0       6.7      18.4      41.6     182.3
    1090.0       6.7      18.5      41.9     183.3
    1095.0       6.7      18.5      42.1     184.4
    1100.0       6.8      18.6      42.4     185.5
    1105.0       6.8      18.7      42.6     186.5
    1110.0       6.8      18.7      42.9     187.6
    1115.0       6.8      18.8      43.1     188.7
    1120.0       6.8      18.9      43.4     189.8
    1125.0       6.8      18.9      43.7     190.8
    1130.0       6.9      19.0      43.9     191.9
    1135.0       6.9      19.0      44.2     193.0
    1140.0       6.9      19.1      44.4     194.1
    1145.0       6.9      19.2      44.7     195.1
    1150.0       6.9      19.2      44.9     196.2
    1155.0       6.9      19.3      45.2     197.3
    1160.0       7.0      19.4      45.4     198.4
    1165.0       7.0      19.4      45.7     199.5
    1170.0       7.0      19.5      46.0     200.6
    1175.0       7.0      19.5      46.2     201.7
    1180.0       7.0      19.6      46.5     202.8
    1185.0       7.0      19.7      46.7     203.9
    1190.0       7.1      19.7      47.0     205.0
    1195.0       7.1      19.8      47.3     206.1
    1200.0       7.1      19.8      47.5     207.3
    1205.0       7.1      19.9      47.8     208.4
    1210.0       7.1      20.0      48.1     209.5
    1215.0       7.1      20.0      48.3     210.6
    1220.0       7.2      20.1      48.6     211.7
    1225.0       7.2      20.2      48.8     212.9
    1230.0       7.2      20.2      49.1     214.0
    1235.0       7.2      20.3      49.4     215.1
    1240.0       7.2      20.3      49.6     216.2
    1245.0       7.2      20.4      49.9     217.4
    1250.0       7.3      20.5      50.2     218.5
    1255.0       7.3      20.5      50.4     219.7
    1260.0       7.3      20.6      50.7     220.8
    1265.0       7.3      20.6      51.0     221.9
    1270.0       7.3      20.7      51.3     223.1
    1275.0       7.3      20.8      51.5     224.2
    1280.0       7.3      20.8      51.8     225.4
    1285.0       7.4      20.9      52.1     226.5
    1290.0       7.4      20.9      52.3     227.7
    1295.0       7.4      21.0      52.6     228.8
    1300.0       7.4      21.1      52.9     230.0
    1305.0       7.4      21.1      53.2     231.2
    1310.0       7.4      21.2      53.4     232.3
    1315.0       7.5      21.2      53.7     233.5
    1320.0       7.5      21.3      54.0     234.7
    1325.0       7.5      21.4      54.3     235.9
    1330.0       7.5      21.4      54.5     237.0
    1335.0       7.5      21.5      54.8     238.2
    1340.0       7.5      21.6      55.1     239.4
    1345.0       7.6      21.6      55.4     240.5
    1350.0       7.6      21.7      55.6     241.7
    1355.0       7.6      21.7      55.9     242.9
    1360.0       7.6      21.8      56.2     244.1
    1365.0       7.6      21.9      56.5     245.3
    1370.0       7.6      21.9      56.8     246.5
    1375.0       7.6      22.0      57.0     247.7
    1380.0       7.7      22.0      57.3     248.9
    1385.0       7.7      22.1      57.6     250.1
    1390.0       7.7      22.2      57.9     251.3
    1395.0       7.7      22.2      58.2     252.5
    1400.0       7.7      22.3      58.4     253.7
    1405.0       7.7      22.3      58.7     254.9
    1410.0       7.8      22.4      59.0     256.1
    1415.0       7.8      22.5      59.3     257.4
    1420.0       7.8      22.5      59.6     258.6
    1425.0       7.8      22.6      59.9     259.8
    1430.0       7.8      22.6      60.2     261.0
    1435.0       7.8      22.7      60.4     262.2
    1440.0       7.8      22.8      60.7     263.5
    1445.0       7.9      22.8      61.0     264.7
    1450.0       7.9      22.9      61.3     265.9
    1455.0       7.9      22.9      61.6     267.2
    1460.0       7.9      23.0      61.9     268.4
    1465.0       7.9      23.1      62.2     269.6
    1470.0       7.9      23.1      62.5     270.9
    1475.0       8.0      23.2      62.8     272.1
    1480.0       8.0      23.2      63.0     273.4
    1485.0       8.0      23.3      63.3     274.6
    1490.0       8.0      23.4      63.6     275.8
    1495.0       8.0      23.4      63.9     277.1
    1500.0       8.0      23.5      64.2     278.4
    1505.0       8.0      23.5      64.5     279.6
    1510.0       8.1      23.6      64.8     280.9
    1515.0       8.1      23.7      65.1     282.2
    1520.0       8.1      23.7      65.4     283.4
    1525.0       8.1      23.8      65.7     284.7
    1530.0       8.1      23.8      66.0     286.0
    1535.0       8.1      23.9      66.3     287.2
    1540.0       8.1      24.0      66.6     288.5
    1545.0       8.2      24.0      66.9     289.7
    1550.0       8.2      24.1      67.2     291.0
    1555.0       8.2      24.1      67.5     292.3
    1560.0       8.2      24.2      67.8     293.6
    1565.0       8.2      24.3      68.1     294.9
    1570.0       8.2      24.3      68.4     296.2
    1575.0       8.2      24.4      68.7     297.5
    1580.0       8.3      24.4      69.0     298.8
    1585.0       8.3      24.5      69.3     300.1
    1590.0       8.3      24.6      69.6     301.3
    1595.0       8.3      24.6      69.9     302.6
    1600.0       8.3      24.7      70.2     304.0
    1605.0       8.3      24.7      70.5     305.3
    1610.0       8.4      24.8      70.8     306.6
    1615.0       8.4      24.8      71.1     307.9
    1620.0       8.4      24.9      71.4     309.2
    1625.0       8.4      25.0      71.7     310.5
    1630.0       8.4      25.0      72.0     311.8
    1635.0       8.4      25.1      72.3     313.1
    1640.0       8.4      25.1      72.6     314.5
    1645.0       8.5      25.2      72.9     315.8
    1650.0       8.5      25.3      73.2     317.1
    1655.0       8.5      25.3      73.5     318.4
    1660.0       8.5      25.4      73.9     319.8
    1665.0       8.5      25.4      74.2     321.1
    1670.0       8.5      25.5      74.5     322.4
    1675.0       8.5      25.6      74.8     323.8
    1680.0       8.6      25.6      75.1     325.1
    1685.0       8.6      25.7      75.4     326.5
    1690.0       8.6      25.7      75.7     327.8
    1695.0       8.6      25.8      76.0     329.1
    1700.0       8.6      25.9      76.3     330.5
    1705.0       8.6      25.9      76.7     331.8
    1710.0       8.6      26.0      77.0     333.2
    1715.0       8.7      26.0      77.3     334.6
    1720.0       8.7      26.1      77.6     335.9
    1725.0       8.7      26.1      77.9     337.3
    1730.0       8.7      26.2      78.2     338.6
    1735.0       8.7      26.3      78.5     340.0
    1740.0       8.7      26.3      78.9     341.4
    1745.0       8.7      26.4      79.2     342.7
    1750.0       8.8      26.4      79.5     344.1
    1755.0       8.8      26.5      79.8     345.5
    1760.0       8.8      26.6      80.1     346.9
    1765.0       8.8      26.6      80.4     348.3
    1770.0       8.8      26.7      80.8     349.6
    1775.0       8.8      26.7      81.1     351.0
    1780.0       8.8      26.8      81.4     352.4
    1785.0       8.9      26.8      81.7     353.8
    1790.0       8.9      26.9      82.0     355.2
    1795.0       8.9      27.0      82.4     356.6
    1800.0       8.9      27.0      82.7     358.0
    1805.0       8.9      27.1      83.0     359.4
    1810.0       8.9      27.1      83.3     360.8
    1815.0       8.9      27.2      83.7     362.2
    1820.0       9.0      27.3      84.0     363.6
    1825.0       9.0      27.3      84.3     365.0
    1830.0       9.0      27.4      84.6     366.4
    1835.0       9.0      27.4      85.0     367.8
    1840.0       9.0      27.5      85.3     369.2
    1845.0       9.0      27.5      85.6     370.6
    1850.0       9.0      27.6      85.9     372.0
    1855.0       9.1      27.7      86.3     373.5
    1860.0       9.1      27.7      86.6     374.9
    1865.0       9.1      27.8      86.9     376.3
    1870.0       9.1      27.8      87.2     377.7
    1875.0       9.1      27.9      87.6     379.2
    1880.0       9.1      28.0      87.9     380.6
    1885.0       9.1      28.0      88.2     382.0
    1890.0       9.2      28.1      88.6     383.4
    1895.0       9.2      28.1      88.9     384.9
    1900.0       9.2      28.2      89.2     386.3
    1905.0       9.2      28.2      89.6     387.8
    1910.0       9.2      28.3      89.9     389.2
    1915.0       9.2      28.4      90.2     390.7
    1920.0       9.2      28.4      90.6     392.1
    1925.0       9.3      28.5      90.9     393.5
    1930.0       9.3      28.5      91.2     395.0
    1935.0       9.3      28.6      91.6     396.4
    1940.0       9.3      28.6      91.9     397.9
    1945.0       9.3      28.7      92.2     399.3
    1950.0       9.3      28.8      92.6     400.8
    1955.0       9.3      28.8      92.9     402.3
    1960.0       9.4      28.9      93.2     403.7
    1965.0       9.4      28.9      93.6     405.2
    1970.0       9.4      29.0      93.9     406.7
    1975.0       9.4      29.0      94.3     408.1
    1980.0       9.4      29.1      94.6     409.6
    1985.0       9.4      29.2      94.9     411.1
    1990.0       9.4      29.2      95.3     412.5
    1995.0       9.5      29.3      95.6     414.0
    2495.0      10.8      34.9     131.9     571.9
    2995.0      12.1      40.3     172.4     747.6
    3495.0      13.3      45.7     217.0     940.6
    3995.0      14.5      50.9     265.5    1150.4
    4495.0      15.7      56.0     317.7    1376.9
    4995.0      16.8      61.1     373.6    1619.9
    5495.0      17.9      66.1     433.1    1879.1
    5995.0      19.0      71.1     496.0    2154.3
    6495.0      20.1      76.0     562.4    2445.5
    6995.0      21.2      80.8     632.2    2752.4
    7495.0      22.2      85.6     705.2    3074.9
    7995.0      23.2      90.4     781.5    3412.8
    8495.0      24.3      95.1     861.0    3766.0
    8995.0      25.3      99.8     943.7    4134.4
    9495.0      26.3     104.5    1029.6    4517.9
    9995.0      27.3     109.1    1118.5    4916.4
   10495.0      28.3     113.7    1210.5    5329.7
   10995.0      29.3     118.3    1305.5    5757.8
   11495.0      30.2     122.9    1403.6    6200.5
   11995.0      31.2     127.4    1504.6    6657.7
   12495.0      32.2     131.9    1608.6    7129.5
   12995.0      33.1     136.4    1715.5    7615.6
   13495.0      34.1     140.9    1825.3    8116.1
   13995.0      35.0     145.3    1937.9    8630.7
   14495.0      35.9     149.8    2053.5    9159.6
   14995.0      36.9     154.2    2171.8    9702.5
   15495.0      37.8     158.6    2293.0   10259.4
   15995.0      38.7     163.0    2416.9   10830.3
   16495.0      39.6     167.3    2543.6   11415.1
   16995.0      40.6     171.7    2673.1   12013.7
   17495.0      41.5     176.0    2805.3   12626.1
   17995.0      42.4     180.3    2940.2   13252.2
   18495.0      43.3     184.6    3077.7   13891.9
   18995.0      44.2     188.9    3218.0   14545.2
   19495.0      45.1     193.2    3360.9   15211.8
   19995.0      46.0     197.5    3506.5   15891.8
   20495.0      46.8     201.7    3654.7   16585.0
   20995.0      47.7     206.0    3805.4   17291.4
   21495.0      48.6     210.2    3958.8   18011.1
   21995.0      49.5     214.4    4114.8   18743.8
   22495.0      50.4     218.6    4273.3   19489.6
   22995.0      51.2     222.8    4434.3   20248.3
   23495.0      52.1     227.0    4597.9   21020.1
   23995.0      52.9     231.2    4764.0   21804.7
   24495.0      53.8     235.3    4932.6   22602.2
   24995.0      54.7     239.5    5103.7   23412.6
   25495.0      55.5     243.6    5277.2   24235.7
   25995.0      56.3     247.8    5453.2   25071.6
   26495.0      57.2     251.9    5631.7   25920.2
   26995.0      58.0     256.0    5812.6   26781.5
   27495.0      58.9     260.2    5995.9   27655.4
   27995.0      59.7     264.3    6181.6   28541.9
   28495.0      60.5     268.4    6369.7   29441.0
   28995.0      61.4     272.5    6560.2   30352.6
   29495.0      62.2     276.5    6753.1   31276.8
   29995.0      63.0     280.6    6948.3   32213.4
   30495.0      63.8     284.7    7144.5   33154.9
   30995.0      64.6     288.8    7340.6   34096.5
   31495.0      65.5     292.8    7536.8   35038.1
   31995.0      66.3     296.9    7733.0   35979.7
   32495.0      67.1     301.0    7929.1   36921.2
   32995.0      67.9     305.0    8125.3   37862.8
   33495.0      68.7     309.1    8321.5   38804.4
   33995.0      69.6     313.2    8517.6   39745.9
   34495.0      70.4     317.3    8713.8   40687.5
   34995.0      71.2     321.3    8909.9   41629.1
   35495.0      72.0     325.4    9106.1   42570.7
   35995.0      72.8     329.5    9302.3   43512.2
   36495.0      73.7     333.5    9498.4   44453.8
   36995.0      74.5     337.6    9694.6   45395.4
   37495.0      75.3     341.7    9890.7   46336.9
   37995.0      76.1     345.8   10086.9   47278.5
   38495.0      77.0     349.8   10283.1   48220.1
   38995.0      77.8     353.9   10479.2   49161.7
   39495.0      78.6     358.0   10675.4   50103.2
   39995.0      79.4     362.0   10871.6   51044.8
   40495.0      80.2     366.1   11067.7   51986.4
   40995.0      81.1     370.2   11263.9   52927.9
   41495.0      81.9     374.3   11460.0   53869.5
   41995.0      82.7     378.3   11656.2   54811.1
   42495.0      83.5     382.4   11852.4   55752.7
   42995.0      84.3     386.5   12048.5   56694.2
   43495.0      85.2     390.6   12244.7   57635.8
   43995.0      86.0     394.6   12440.8   58577.4
   44495.0      86.8     398.7   12637.0   59519.0
   44995.0      87.6     402.8   12833.2   60460.5
   45495.0      88.4     406.8   13029.3   61402.1
   45995.0      89.3     410.9   13225.5   62343.7
   46495.0      90.1     415.0   13421.6   63285.2
   46995.0      90.9     419.1   13617.8   64226.8
   47495.0      91.7     423.1   13814.0   65168.4
   47995.0      92.5     427.2   14010.1   66110.0
   48495.0      93.4     431.3   14206.3   67051.5
   48995.0      94.2     435.3   14402.5   67993.1
   49495.0      95.0     439.4   14598.6   68934.7
   49995.0      95.8     443.5   14794.8   69876.2
   50495.0      96.6     447.6   14990.9   70817.8
   50995.0      97.5     451.6   15187.1   71759.4
   51495.0      98.3     455.7   15383.3   72701.0
   51995.0      99.1     459.8   15579.4   73642.5
   52495.0      99.9     463.8   15775.6   74584.1
   52995.0     100.7     467.9   15971.7   75525.7
   53495.0     101.6     472.0   16167.9   76467.2
   53995.0     102.4     476.1   16364.1   77408.8
   54495.0     103.2     480.1   16560.2   78350.4
   54995.0     104.0     484.2   16756.4   79292.0
   55495.0     104.8     488.3   16952.6   80233.5
   55995.0     105.7     492.4   17148.7   81175.1
   56495.0     106.5     496.4   17344.9   82116.7
   56995.0     107.3     500.5   17541.0   83058.3
   57495.0     108.1     504.6   17737.2   83999.8
   57995.0     108.9     508.6   17933.4   84941.4
   58495.0     109.8     512.7   18129.5   85883.0
   58995.0     110.6     516.8   18325.7   86824.5
   59495.0     111.4     520.9   18521.8   87766.1
   59995.0     112.2     524.9   18718.0   88707.7
   60495.0     113.0     529.0   18914.2   89649.3
   60995.0     113.9     533.1   19110.3   90590.8
   61495.0     114.7     537.1   19306.5   91532.4
   61995.0     115.5     541.2   19502.7   92474.0
   62495.0     116.3     545.3   19698.8   93415.5
   62995.0     117.1     549.4   19895.0   94357.1
   63495.0     118.0     553.4   20091.1   95298.7
   63995.0     118.8     557.5   20287.3   96240.3
   64495.0     119.6     561.6   20483.5   97181.8
   64995.0     120.4     565.6   20679.6   98123.4
   65495.0     121.2     569.7   20875.8   99065.0
   65995.0     122.1     573.8   21071.9  100006.6
   66495.0     122.9     577.9   21268.1  100948.1
   66995.0     123.7     581.9   21464.3  101889.7
   67495.0     124.5     586.0   21660.4  102831.3
   67995.0     125.3     590.1   21856.6  103772.8
   68495.0     126.2     594.1   22052.8  104714.4
   68995.0     127.0     598.2   22248.9  105656.0
   69495.0     127.8     602.3   22445.1  106597.6
   69995.0     128.6     606.4   22641.2  107539.1
   70495.0     129.4     610.4   22837.4  108480.7
   70995.0     130.3     614.5   23033.6  109422.3
   71495.0     131.1     618.6   23229.7  110363.8
   71995.0     131.9     622.7   23425.9  111305.4
   72495.0     132.7     626.7   23622.0  112247.0
   72995.0     133.5     630.8   23818.2  113188.6
   73495.0     134.4     634.9   24014.4  114130.1
   73995.0     135.2     638.9   24210.5  115071.7
   74495.0     136.0     643.0   24406.7  116013.3
   74995.0     136.8     647.1   24602.8  116954.8
   75495.0     137.7     651.2   24799.0  117896.4
   75995.0     138.5     655.2   24995.2  118838.0
   76495.0     139.3     659.3   25191.3  119779.6
   76995.0     140.1     663.4   25387.5  120721.1
   77495.0     140.9     667.4   25583.7  121662.7
   77995.0     141.8     671.5   25779.8  122604.3
   78495.0     142.6     675.6   25976.0  123545.9
   78995.0     143.4     679.7   26172.1  124487.4
   79495.0     144.2     683.7   26368.3  125429.0
   79995.0     145.0     687.8   26564.5  126370.6
   80495.0     145.9     691.9   26760.6  127312.1
   80995.0     146.7     695.9   26956.8  128253.7
   81495.0     147.5     700.0   27152.9  129195.3
   81995.0     148.3     704.1   27349.1  130136.9
   82495.0     149.1     708.2   27545.3  131078.4
   82995.0     150.0     712.2   27741.4  132020.0
   83495.0     150.8     716.3   27937.6  132961.6
   83995.0     151.6     720.4   28133.8  133903.1
   84495.0     152.4     724.4   28329.9  134844.7
   84995.0     153.2     728.5   28526.1  135786.3
   85495.0     154.1     732.6   28722.2  136727.9
   85995.0     154.9     736.7   28918.4  137669.4
   86495.0     155.7     740.7   29114.6  138611.0
   86995.0     156.5     744.8   29310.7  139552.6
   87495.0     157.3     748.9   29506.9  140494.1
   87995.0     158.2     753.0   29703.0  141435.7
   88495.0     159.0     757.0   29899.2  142377.3
   88995.0     159.8     761.1   30095.4  143318.9
   89495.0     160.6     765.2   30291.5  144260.4
   89995.0     161.4     769.2   30487.7  145202.0
   90495.0     162.3     773.3   30683.9  146143.6
   90995.0     163.1     777.4   30880.0  147085.2
   91495.0     163.9     781.5   31076.2  148026.7
   91995.0     164.7     785.5   31272.3  148968.3
   92495.0     165.5     789.6   31468.5  149909.9
   92995.0     166.4     793.7   31664.7  150851.4
   93495.0     167.2     797.7   31860.8  151793.0
   93995.0     168.0     801.8   32057.0  152734.6
   94495.0     168.8     805.9   32253.1  153676.2
   94995.0     169.6     810.0   32449.3  154617.7
   95495.0     170.5     814.0   32645.5  155559.3
   95995.0     171.3     818.1   32841.6  156500.9
   96495.0     172.1     822.2   33037.8  157442.4
   96995.0     172.9     826.2   33234.0  158384.0
   97495.0     173.7     830.3   33430.1  159325.6
   97995.0     174.6     834.4   33626.3  160267.2
   98495.0     175.4     838.5   33822.4  161208.7
   98995.0     176.2     842.5   34018.6  162150.3
   99495.0     177.0     846.6   34214.8  163091.9
