# Characteristic  Pathlengths (in Angstroem) for Electron Transport in Fe
#
# ener(eV)      EMFP      IMFP     TRMFP      LNRG   
       5.0       2.5      62.9       2.8       0.1
      10.0       0.8      33.3       0.9       0.1
      15.0       0.9      20.5       1.0       0.1
      20.0       1.3      14.4       1.5       0.1
      25.0       1.6      11.2       2.1       0.1
      30.0       1.9       9.1       2.6       0.1
      35.0       2.1       7.6       3.1       0.1
      40.0       2.2       6.6       3.4       0.1
      45.0       2.2       5.9       3.6       1.3
      50.0       2.3       5.5       3.8       2.5
      55.0       2.3       5.3       4.0       3.6
      60.0       2.3       5.2       4.1       4.7
      65.0       2.3       5.1       4.2       5.7
      70.0       2.4       5.1       4.3       6.7
      75.0       2.4       5.1       4.4       7.7
      80.0       2.4       5.1       4.5       8.6
      85.0       2.4       5.1       4.6       9.5
      90.0       2.4       5.1       4.7      10.4
      95.0       2.5       5.2       4.8      11.2
     100.0       2.5       5.2       4.9      12.0
     105.0       2.5       5.2       5.0      12.9
     110.0       2.5       5.3       5.1      13.7
     115.0       2.6       5.3       5.2      14.5
     120.0       2.6       5.3       5.3      15.2
     125.0       2.6       5.4       5.4      16.0
     130.0       2.6       5.4       5.5      16.8
     135.0       2.7       5.5       5.6      17.5
     140.0       2.7       5.5       5.8      18.3
     145.0       2.7       5.6       5.9      19.1
     150.0       2.8       5.6       6.0      19.8
     155.0       2.8       5.7       6.1      20.5
     160.0       2.8       5.7       6.3      21.3
     165.0       2.9       5.8       6.4      22.0
     170.0       2.9       5.8       6.5      22.8
     175.0       2.9       5.9       6.7      23.5
     180.0       2.9       6.0       6.8      24.2
     185.0       3.0       6.0       6.9      24.9
     190.0       3.0       6.1       7.1      25.7
     195.0       3.0       6.2       7.2      26.4
     200.0       3.1       6.2       7.4      27.1
     205.0       3.1       6.3       7.5      27.8
     210.0       3.1       6.3       7.6      28.6
     215.0       3.2       6.4       7.8      29.3
     220.0       3.2       6.5       7.9      30.0
     225.0       3.2       6.5       8.1      30.7
     230.0       3.3       6.6       8.2      31.5
     235.0       3.3       6.7       8.4      32.2
     240.0       3.3       6.7       8.5      32.9
     245.0       3.4       6.8       8.7      33.7
     250.0       3.4       6.9       8.8      34.4
     255.0       3.4       6.9       9.0      35.1
     260.0       3.4       7.0       9.2      35.9
     265.0       3.5       7.1       9.3      36.6
     270.0       3.5       7.1       9.5      37.3
     275.0       3.5       7.2       9.6      38.1
     280.0       3.6       7.3       9.8      38.8
     285.0       3.6       7.3      10.0      39.5
     290.0       3.6       7.4      10.1      40.3
     295.0       3.6       7.5      10.3      41.0
     300.0       3.7       7.5      10.4      41.8
     305.0       3.7       7.6      10.6      42.5
     310.0       3.7       7.7      10.8      43.3
     315.0       3.8       7.7      10.9      44.0
     320.0       3.8       7.8      11.1      44.8
     325.0       3.8       7.9      11.3      45.5
     330.0       3.8       7.9      11.5      46.3
     335.0       3.9       8.0      11.6      47.0
     340.0       3.9       8.1      11.8      47.8
     345.0       3.9       8.1      12.0      48.6
     350.0       4.0       8.2      12.2      49.3
     355.0       4.0       8.3      12.3      50.1
     360.0       4.0       8.4      12.5      50.9
     365.0       4.0       8.4      12.7      51.7
     370.0       4.1       8.5      12.9      52.4
     375.0       4.1       8.6      13.0      53.2
     380.0       4.1       8.6      13.2      54.0
     385.0       4.2       8.7      13.4      54.8
     390.0       4.2       8.8      13.6      55.6
     395.0       4.2       8.8      13.8      56.3
     400.0       4.2       8.9      14.0      57.1
     405.0       4.3       9.0      14.1      57.9
     410.0       4.3       9.0      14.3      58.7
     415.0       4.3       9.1      14.5      59.5
     420.0       4.3       9.2      14.7      60.3
     425.0       4.4       9.2      14.9      61.1
     430.0       4.4       9.3      15.1      61.9
     435.0       4.4       9.4      15.3      62.8
     440.0       4.4       9.4      15.5      63.6
     445.0       4.5       9.5      15.7      64.4
     450.0       4.5       9.6      15.8      65.2
     455.0       4.5       9.6      16.0      66.0
     460.0       4.5       9.7      16.2      66.9
     465.0       4.6       9.8      16.4      67.7
     470.0       4.6       9.8      16.6      68.5
     475.0       4.6       9.9      16.8      69.3
     480.0       4.6      10.0      17.0      70.2
     485.0       4.7      10.0      17.2      71.0
     490.0       4.7      10.1      17.4      71.9
     495.0       4.7      10.2      17.6      72.7
     500.0       4.7      10.2      17.8      73.6
     505.0       4.8      10.3      18.0      74.4
     510.0       4.8      10.4      18.2      75.3
     515.0       4.8      10.4      18.4      76.1
     520.0       4.8      10.5      18.6      77.0
     525.0       4.8      10.6      18.8      77.8
     530.0       4.9      10.6      19.1      78.7
     535.0       4.9      10.7      19.3      79.6
     540.0       4.9      10.8      19.5      80.4
     545.0       4.9      10.8      19.7      81.3
     550.0       5.0      10.9      19.9      82.2
     555.0       5.0      11.0      20.1      83.1
     560.0       5.0      11.0      20.3      84.0
     565.0       5.0      11.1      20.5      84.9
     570.0       5.1      11.2      20.7      85.7
     575.0       5.1      11.2      20.9      86.6
     580.0       5.1      11.3      21.2      87.5
     585.0       5.1      11.4      21.4      88.4
     590.0       5.1      11.4      21.6      89.3
     595.0       5.2      11.5      21.8      90.2
     600.0       5.2      11.6      22.0      91.1
     605.0       5.2      11.6      22.3      92.1
     610.0       5.2      11.7      22.5      93.0
     615.0       5.3      11.8      22.7      93.9
     620.0       5.3      11.8      22.9      94.8
     625.0       5.3      11.9      23.1      95.7
     630.0       5.3      12.0      23.4      96.7
     635.0       5.3      12.0      23.6      97.6
     640.0       5.4      12.1      23.8      98.5
     645.0       5.4      12.2      24.0      99.5
     650.0       5.4      12.2      24.3     100.4
     655.0       5.4      12.3      24.5     101.3
     660.0       5.5      12.4      24.7     102.3
     665.0       5.5      12.4      24.9     103.2
     670.0       5.5      12.5      25.2     104.2
     675.0       5.5      12.6      25.4     105.1
     680.0       5.5      12.6      25.6     106.1
     685.0       5.6      12.7      25.9     107.0
     690.0       5.6      12.8      26.1     108.0
     695.0       5.6      12.8      26.3     109.0
     700.0       5.6      12.9      26.5     109.9
     705.0       5.6      13.0      26.8     110.9
     710.0       5.7      13.0      27.0     111.9
     715.0       5.7      13.1      27.3     112.9
     720.0       5.7      13.1      27.5     113.9
     725.0       5.7      13.2      27.7     114.8
     730.0       5.8      13.3      28.0     115.8
     735.0       5.8      13.3      28.2     116.8
     740.0       5.8      13.4      28.4     117.8
     745.0       5.8      13.5      28.7     118.8
     750.0       5.8      13.5      28.9     119.8
     755.0       5.9      13.6      29.2     120.8
     760.0       5.9      13.7      29.4     121.8
     765.0       5.9      13.7      29.6     122.8
     770.0       5.9      13.8      29.9     123.8
     775.0       5.9      13.9      30.1     124.9
     780.0       6.0      13.9      30.4     125.9
     785.0       6.0      14.0      30.6     126.9
     790.0       6.0      14.1      30.9     127.9
     795.0       6.0      14.1      31.1     128.9
     800.0       6.0      14.2      31.4     130.0
     805.0       6.1      14.2      31.6     131.0
     810.0       6.1      14.3      31.9     132.1
     815.0       6.1      14.4      32.1     133.1
     820.0       6.1      14.4      32.4     134.1
     825.0       6.1      14.5      32.6     135.2
     830.0       6.2      14.6      32.9     136.2
     835.0       6.2      14.6      33.1     137.3
     840.0       6.2      14.7      33.4     138.4
     845.0       6.2      14.8      33.6     139.4
     850.0       6.2      14.8      33.9     140.5
     855.0       6.3      14.9      34.1     141.5
     860.0       6.3      14.9      34.4     142.6
     865.0       6.3      15.0      34.6     143.7
     870.0       6.3      15.1      34.9     144.8
     875.0       6.3      15.1      35.2     145.8
     880.0       6.4      15.2      35.4     146.9
     885.0       6.4      15.3      35.7     148.0
     890.0       6.4      15.3      35.9     149.1
     895.0       6.4      15.4      36.2     150.2
     900.0       6.4      15.5      36.5     151.3
     905.0       6.5      15.5      36.7     152.4
     910.0       6.5      15.6      37.0     153.5
     915.0       6.5      15.6      37.3     154.6
     920.0       6.5      15.7      37.5     155.7
     925.0       6.5      15.8      37.8     156.8
     930.0       6.5      15.8      38.1     157.9
     935.0       6.6      15.9      38.3     159.0
     940.0       6.6      16.0      38.6     160.1
     945.0       6.6      16.0      38.9     161.3
     950.0       6.6      16.1      39.1     162.4
     955.0       6.6      16.1      39.4     163.5
     960.0       6.7      16.2      39.7     164.6
     965.0       6.7      16.3      39.9     165.8
     970.0       6.7      16.3      40.2     166.9
     975.0       6.7      16.4      40.5     168.1
     980.0       6.7      16.5      40.7     169.2
     985.0       6.8      16.5      41.0     170.3
     990.0       6.8      16.6      41.3     171.5
     995.0       6.8      16.6      41.6     172.6
    1000.0       6.8      16.7      41.8     173.8
    1005.0       6.8      16.8      42.1     175.0
    1010.0       6.8      16.8      42.4     176.2
    1015.0       6.9      16.9      42.7     177.4
    1020.0       6.9      17.0      43.0     178.5
    1025.0       6.9      17.0      43.2     179.7
    1030.0       6.9      17.1      43.5     180.9
    1035.0       6.9      17.1      43.8     182.1
    1040.0       7.0      17.2      44.1     183.3
    1045.0       7.0      17.3      44.3     184.4
    1050.0       7.0      17.3      44.6     185.6
    1055.0       7.0      17.4      44.9     186.9
    1060.0       7.0      17.5      45.2     188.1
    1065.0       7.1      17.5      45.5     189.3
    1070.0       7.1      17.6      45.8     190.5
    1075.0       7.1      17.6      46.1     191.7
    1080.0       7.1      17.7      46.3     192.9
    1085.0       7.1      17.8      46.6     194.1
    1090.0       7.1      17.8      46.9     195.3
    1095.0       7.2      17.9      47.2     196.5
    1100.0       7.2      17.9      47.5     197.8
    1105.0       7.2      18.0      47.8     199.0
    1110.0       7.2      18.1      48.1     200.3
    1115.0       7.2      18.1      48.4     201.5
    1120.0       7.2      18.2      48.7     202.7
    1125.0       7.3      18.3      48.9     204.0
    1130.0       7.3      18.3      49.2     205.2
    1135.0       7.3      18.4      49.5     206.5
    1140.0       7.3      18.4      49.8     207.7
    1145.0       7.3      18.5      50.1     208.9
    1150.0       7.4      18.6      50.4     210.2
    1155.0       7.4      18.6      50.7     211.5
    1160.0       7.4      18.7      51.0     212.8
    1165.0       7.4      18.7      51.3     214.0
    1170.0       7.4      18.8      51.6     215.3
    1175.0       7.4      18.9      51.9     216.6
    1180.0       7.5      18.9      52.2     217.9
    1185.0       7.5      19.0      52.5     219.1
    1190.0       7.5      19.1      52.8     220.4
    1195.0       7.5      19.1      53.1     221.7
    1200.0       7.5      19.2      53.4     223.0
    1205.0       7.6      19.2      53.7     224.3
    1210.0       7.6      19.3      54.0     225.6
    1215.0       7.6      19.4      54.3     226.9
    1220.0       7.6      19.4      54.6     228.2
    1225.0       7.6      19.5      54.9     229.5
    1230.0       7.6      19.5      55.2     230.8
    1235.0       7.7      19.6      55.5     232.1
    1240.0       7.7      19.7      55.8     233.4
    1245.0       7.7      19.7      56.1     234.7
    1250.0       7.7      19.8      56.4     236.0
    1255.0       7.7      19.8      56.8     237.4
    1260.0       7.7      19.9      57.1     238.7
    1265.0       7.8      20.0      57.4     240.0
    1270.0       7.8      20.0      57.7     241.4
    1275.0       7.8      20.1      58.0     242.7
    1280.0       7.8      20.1      58.3     244.0
    1285.0       7.8      20.2      58.6     245.4
    1290.0       7.8      20.3      58.9     246.7
    1295.0       7.9      20.3      59.2     248.0
    1300.0       7.9      20.4      59.5     249.4
    1305.0       7.9      20.4      59.9     250.7
    1310.0       7.9      20.5      60.2     252.1
    1315.0       7.9      20.6      60.5     253.5
    1320.0       8.0      20.6      60.8     254.8
    1325.0       8.0      20.7      61.1     256.2
    1330.0       8.0      20.7      61.4     257.6
    1335.0       8.0      20.8      61.8     258.9
    1340.0       8.0      20.9      62.1     260.3
    1345.0       8.0      20.9      62.4     261.6
    1350.0       8.1      21.0      62.7     263.0
    1355.0       8.1      21.0      63.0     264.4
    1360.0       8.1      21.1      63.4     265.8
    1365.0       8.1      21.2      63.7     267.2
    1370.0       8.1      21.2      64.0     268.6
    1375.0       8.1      21.3      64.3     270.0
    1380.0       8.2      21.3      64.7     271.4
    1385.0       8.2      21.4      65.0     272.8
    1390.0       8.2      21.5      65.3     274.2
    1395.0       8.2      21.5      65.6     275.6
    1400.0       8.2      21.6      66.0     277.0
    1405.0       8.2      21.6      66.3     278.4
    1410.0       8.3      21.7      66.6     279.8
    1415.0       8.3      21.8      66.9     281.3
    1420.0       8.3      21.8      67.3     282.7
    1425.0       8.3      21.9      67.6     284.1
    1430.0       8.3      21.9      67.9     285.5
    1435.0       8.3      22.0      68.3     286.9
    1440.0       8.4      22.1      68.6     288.4
    1445.0       8.4      22.1      68.9     289.8
    1450.0       8.4      22.2      69.2     291.2
    1455.0       8.4      22.2      69.6     292.7
    1460.0       8.4      22.3      69.9     294.1
    1465.0       8.4      22.4      70.2     295.6
    1470.0       8.5      22.4      70.6     297.0
    1475.0       8.5      22.5      70.9     298.5
    1480.0       8.5      22.5      71.3     299.9
    1485.0       8.5      22.6      71.6     301.4
    1490.0       8.5      22.7      71.9     302.8
    1495.0       8.5      22.7      72.3     304.3
    1500.0       8.6      22.8      72.6     305.7
    1505.0       8.6      22.8      72.9     307.2
    1510.0       8.6      22.9      73.3     308.7
    1515.0       8.6      22.9      73.6     310.1
    1520.0       8.6      23.0      74.0     311.6
    1525.0       8.6      23.1      74.3     313.1
    1530.0       8.7      23.1      74.6     314.5
    1535.0       8.7      23.2      75.0     316.0
    1540.0       8.7      23.2      75.3     317.5
    1545.0       8.7      23.3      75.7     319.0
    1550.0       8.7      23.4      76.0     320.5
    1555.0       8.7      23.4      76.4     321.9
    1560.0       8.8      23.5      76.7     323.4
    1565.0       8.8      23.5      77.0     324.9
    1570.0       8.8      23.6      77.4     326.4
    1575.0       8.8      23.6      77.7     327.9
    1580.0       8.8      23.7      78.1     329.4
    1585.0       8.8      23.8      78.4     330.9
    1590.0       8.9      23.8      78.8     332.4
    1595.0       8.9      23.9      79.1     333.9
    1600.0       8.9      23.9      79.5     335.4
    1605.0       8.9      24.0      79.8     336.9
    1610.0       8.9      24.1      80.2     338.5
    1615.0       8.9      24.1      80.5     340.0
    1620.0       8.9      24.2      80.9     341.5
    1625.0       9.0      24.2      81.2     343.0
    1630.0       9.0      24.3      81.6     344.5
    1635.0       9.0      24.3      81.9     346.1
    1640.0       9.0      24.4      82.3     347.6
    1645.0       9.0      24.5      82.6     349.1
    1650.0       9.0      24.5      83.0     350.6
    1655.0       9.1      24.6      83.4     352.2
    1660.0       9.1      24.6      83.7     353.7
    1665.0       9.1      24.7      84.1     355.3
    1670.0       9.1      24.7      84.4     356.8
    1675.0       9.1      24.8      84.8     358.3
    1680.0       9.1      24.9      85.1     359.9
    1685.0       9.2      24.9      85.5     361.4
    1690.0       9.2      25.0      85.9     363.0
    1695.0       9.2      25.0      86.2     364.5
    1700.0       9.2      25.1      86.6     366.1
    1705.0       9.2      25.1      86.9     367.6
    1710.0       9.2      25.2      87.3     369.2
    1715.0       9.3      25.3      87.7     370.8
    1720.0       9.3      25.3      88.0     372.3
    1725.0       9.3      25.4      88.4     373.9
    1730.0       9.3      25.4      88.8     375.5
    1735.0       9.3      25.5      89.1     377.0
    1740.0       9.3      25.5      89.5     378.6
    1745.0       9.3      25.6      89.9     380.2
    1750.0       9.4      25.7      90.2     381.7
    1755.0       9.4      25.7      90.6     383.3
    1760.0       9.4      25.8      91.0     384.9
    1765.0       9.4      25.8      91.3     386.5
    1770.0       9.4      25.9      91.7     388.1
    1775.0       9.4      25.9      92.1     389.7
    1780.0       9.5      26.0      92.4     391.3
    1785.0       9.5      26.1      92.8     392.8
    1790.0       9.5      26.1      93.2     394.4
    1795.0       9.5      26.2      93.5     396.0
    1800.0       9.5      26.2      93.9     397.6
    1805.0       9.5      26.3      94.3     399.2
    1810.0       9.6      26.3      94.7     400.8
    1815.0       9.6      26.4      95.0     402.4
    1820.0       9.6      26.5      95.4     404.1
    1825.0       9.6      26.5      95.8     405.7
    1830.0       9.6      26.6      96.2     407.3
    1835.0       9.6      26.6      96.5     408.9
    1840.0       9.6      26.7      96.9     410.5
    1845.0       9.7      26.7      97.3     412.1
    1850.0       9.7      26.8      97.7     413.7
    1855.0       9.7      26.9      98.1     415.3
    1860.0       9.7      26.9      98.4     417.0
    1865.0       9.7      27.0      98.8     418.6
    1870.0       9.7      27.0      99.2     420.2
    1875.0       9.8      27.1      99.6     421.9
    1880.0       9.8      27.1     100.0     423.5
    1885.0       9.8      27.2     100.3     425.1
    1890.0       9.8      27.3     100.7     426.8
    1895.0       9.8      27.3     101.1     428.4
    1900.0       9.8      27.4     101.5     430.0
    1905.0       9.8      27.4     101.9     431.7
    1910.0       9.9      27.5     102.3     433.3
    1915.0       9.9      27.5     102.6     435.0
    1920.0       9.9      27.6     103.0     436.6
    1925.0       9.9      27.6     103.4     438.3
    1930.0       9.9      27.7     103.8     439.9
    1935.0       9.9      27.8     104.2     441.6
    1940.0      10.0      27.8     104.6     443.2
    1945.0      10.0      27.9     105.0     444.9
    1950.0      10.0      27.9     105.3     446.6
    1955.0      10.0      28.0     105.7     448.2
    1960.0      10.0      28.0     106.1     449.9
    1965.0      10.0      28.1     106.5     451.6
    1970.0      10.1      28.2     106.9     453.3
    1975.0      10.1      28.2     107.3     454.9
    1980.0      10.1      28.3     107.7     456.6
    1985.0      10.1      28.3     108.1     458.3
    1990.0      10.1      28.4     108.5     459.9
    1995.0      10.1      28.4     108.9     461.6
    2495.0      11.6      34.0     150.9     641.5
    2995.0      13.0      39.3     198.1     842.0
    3495.0      14.4      44.6     250.1    1062.7
    3995.0      15.8      49.7     306.9    1303.4
    4495.0      17.1      54.8     368.1    1563.8
    4995.0      18.3      59.8     433.9    1843.7
    5495.0      19.6      64.7     503.9    2142.7
    5995.0      20.8      69.6     578.2    2460.8
    6495.0      22.0      74.5     656.7    2797.6
    6995.0      23.3      79.2     739.3    3153.1
    7495.0      24.4      84.0     826.0    3527.0
    7995.0      25.6      88.7     916.6    3919.1
    8495.0      26.8      93.4    1011.2    4329.3
    8995.0      27.9      98.0    1109.7    4757.4
    9495.0      29.1     102.6    1212.0    5203.4
    9995.0      30.2     107.2    1318.1    5667.0
   10495.0      31.4     111.7    1428.0    6148.1
   10995.0      32.5     116.2    1541.7    6646.7
   11495.0      33.6     120.7    1659.0    7162.5
   11995.0      34.7     125.2    1780.0    7695.6
   12495.0      35.8     129.7    1904.7    8245.7
   12995.0      36.9     134.1    2032.9    8812.9
   13495.0      38.0     138.5    2164.7    9396.9
   13995.0      39.1     142.9    2300.1    9997.7
   14495.0      40.2     147.3    2438.9   10615.3
   14995.0      41.3     151.7    2581.3   11249.4
   15495.0      42.3     156.0    2727.1   11899.9
   15995.0      43.4     160.3    2876.3   12566.7
   16495.0      44.4     164.6    3029.0   13249.6
   16995.0      45.5     168.9    3185.1   13948.5
   17495.0      46.6     173.2    3344.5   14663.4
   17995.0      47.6     177.5    3507.2   15394.2
   18495.0      48.6     181.7    3673.3   16140.8
   18995.0      49.7     186.0    3842.7   16903.1
   19495.0      50.7     190.2    4015.3   17681.0
   19995.0      51.7     194.4    4191.2   18474.5
   20495.0      52.8     198.6    4370.3   19283.6
   20995.0      53.8     202.8    4552.7   20108.1
   21495.0      54.8     207.0    4738.2   20948.0
   21995.0      55.8     211.2    4926.9   21803.3
   22495.0      56.8     215.3    5118.8   22673.8
   22995.0      57.8     219.5    5313.8   23559.6
   23495.0      58.8     223.6    5511.9   24460.6
   23995.0      59.8     227.7    5713.1   25376.7
   24495.0      60.8     231.9    5917.4   26308.0
   24995.0      61.8     236.0    6124.8   27254.2
   25495.0      62.8     240.1    6335.2   28215.5
   25995.0      63.8     244.2    6548.6   29191.7
   26495.0      64.7     248.3    6765.1   30182.9
   26995.0      65.7     252.3    6984.6   31188.9
   27495.0      66.7     256.4    7207.0   32209.8
   27995.0      67.7     260.5    7432.4   33245.5
   28495.0      68.6     264.5    7660.8   34295.9
   28995.0      69.6     268.6    7892.1   35361.1
   29495.0      70.5     272.6    8126.3   36440.9
   29995.0      71.5     276.6    8363.4   37535.4
   30495.0      72.4     280.7    8601.7   38635.7
   30995.0      73.4     284.7    8840.0   39736.1
   31495.0      74.4     288.7    9078.3   40836.4
   31995.0      75.3     292.8    9316.6   41936.7
   32495.0      76.3     296.8    9554.9   43037.1
   32995.0      77.2     300.8    9793.2   44137.4
   33495.0      78.2     304.8   10031.5   45237.7
   33995.0      79.1     308.9   10269.8   46338.1
   34495.0      80.1     312.9   10508.0   47438.4
   34995.0      81.0     316.9   10746.3   48538.7
   35495.0      82.0     321.0   10984.6   49639.1
   35995.0      82.9     325.0   11222.9   50739.4
   36495.0      83.9     329.0   11461.2   51839.7
   36995.0      84.8     333.0   11699.5   52940.1
   37495.0      85.8     337.1   11937.8   54040.4
   37995.0      86.7     341.1   12176.1   55140.7
   38495.0      87.7     345.1   12414.3   56241.1
   38995.0      88.6     349.1   12652.6   57341.4
   39495.0      89.6     353.2   12890.9   58441.7
   39995.0      90.5     357.2   13129.2   59542.1
   40495.0      91.5     361.2   13367.5   60642.4
   40995.0      92.4     365.3   13605.8   61742.7
   41495.0      93.4     369.3   13844.1   62843.1
   41995.0      94.4     373.3   14082.4   63943.4
   42495.0      95.3     377.3   14320.7   65043.7
   42995.0      96.3     381.4   14558.9   66144.0
   43495.0      97.2     385.4   14797.2   67244.4
   43995.0      98.2     389.4   15035.5   68344.7
   44495.0      99.1     393.5   15273.8   69445.0
   44995.0     100.1     397.5   15512.1   70545.4
   45495.0     101.0     401.5   15750.4   71645.7
   45995.0     102.0     405.5   15988.7   72746.0
   46495.0     102.9     409.6   16227.0   73846.4
   46995.0     103.9     413.6   16465.3   74946.7
   47495.0     104.8     417.6   16703.5   76047.0
   47995.0     105.8     421.6   16941.8   77147.4
   48495.0     106.7     425.7   17180.1   78247.7
   48995.0     107.7     429.7   17418.4   79348.0
   49495.0     108.6     433.7   17656.7   80448.4
   49995.0     109.6     437.8   17895.0   81548.7
   50495.0     110.5     441.8   18133.3   82649.0
   50995.0     111.5     445.8   18371.6   83749.4
   51495.0     112.4     449.8   18609.8   84849.7
   51995.0     113.4     453.9   18848.1   85950.0
   52495.0     114.4     457.9   19086.4   87050.4
   52995.0     115.3     461.9   19324.7   88150.7
   53495.0     116.3     466.0   19563.0   89251.0
   53995.0     117.2     470.0   19801.3   90351.4
   54495.0     118.2     474.0   20039.6   91451.7
   54995.0     119.1     478.0   20277.9   92552.0
   55495.0     120.1     482.1   20516.2   93652.4
   55995.0     121.0     486.1   20754.4   94752.7
   56495.0     122.0     490.1   20992.7   95853.0
   56995.0     122.9     494.2   21231.0   96953.4
   57495.0     123.9     498.2   21469.3   98053.7
   57995.0     124.8     502.2   21707.6   99154.0
   58495.0     125.8     506.2   21945.9  100254.4
   58995.0     126.7     510.3   22184.2  101354.7
   59495.0     127.7     514.3   22422.5  102455.0
   59995.0     128.6     518.3   22660.8  103555.4
   60495.0     129.6     522.3   22899.0  104655.7
   60995.0     130.5     526.4   23137.3  105756.0
   61495.0     131.5     530.4   23375.6  106856.4
   61995.0     132.4     534.4   23613.9  107956.7
   62495.0     133.4     538.5   23852.2  109057.0
   62995.0     134.4     542.5   24090.5  110157.3
   63495.0     135.3     546.5   24328.8  111257.7
   63995.0     136.3     550.5   24567.1  112358.0
   64495.0     137.2     554.6   24805.3  113458.3
   64995.0     138.2     558.6   25043.6  114558.7
   65495.0     139.1     562.6   25281.9  115659.0
   65995.0     140.1     566.7   25520.2  116759.3
   66495.0     141.0     570.7   25758.5  117859.7
   66995.0     142.0     574.7   25996.8  118960.0
   67495.0     142.9     578.7   26235.1  120060.3
   67995.0     143.9     582.8   26473.4  121160.7
   68495.0     144.8     586.8   26711.7  122261.0
   68995.0     145.8     590.8   26949.9  123361.3
   69495.0     146.7     594.9   27188.2  124461.7
   69995.0     147.7     598.9   27426.5  125562.0
   70495.0     148.6     602.9   27664.8  126662.3
   70995.0     149.6     606.9   27903.1  127762.7
   71495.0     150.5     611.0   28141.4  128863.0
   71995.0     151.5     615.0   28379.7  129963.3
   72495.0     152.4     619.0   28618.0  131063.7
   72995.0     153.4     623.0   28856.3  132164.0
   73495.0     154.4     627.1   29094.5  133264.3
   73995.0     155.3     631.1   29332.8  134364.7
   74495.0     156.3     635.1   29571.1  135465.0
   74995.0     157.2     639.2   29809.4  136565.3
   75495.0     158.2     643.2   30047.7  137665.7
   75995.0     159.1     647.2   30286.0  138766.0
   76495.0     160.1     651.2   30524.3  139866.3
   76995.0     161.0     655.3   30762.6  140966.7
   77495.0     162.0     659.3   31000.8  142067.0
   77995.0     162.9     663.3   31239.1  143167.3
   78495.0     163.9     667.4   31477.4  144267.7
   78995.0     164.8     671.4   31715.7  145368.0
   79495.0     165.8     675.4   31954.0  146468.3
   79995.0     166.7     679.4   32192.3  147568.7
   80495.0     167.7     683.5   32430.6  148669.0
   80995.0     168.6     687.5   32668.9  149769.3
   81495.0     169.6     691.5   32907.2  150869.7
   81995.0     170.5     695.6   33145.4  151970.0
   82495.0     171.5     699.6   33383.7  153070.3
   82995.0     172.4     703.6   33622.0  154170.6
   83495.0     173.4     707.6   33860.3  155271.0
   83995.0     174.4     711.7   34098.6  156371.3
   84495.0     175.3     715.7   34336.9  157471.6
   84995.0     176.3     719.7   34575.2  158572.0
   85495.0     177.2     723.7   34813.5  159672.3
   85995.0     178.2     727.8   35051.8  160772.6
   86495.0     179.1     731.8   35290.0  161873.0
   86995.0     180.1     735.8   35528.3  162973.3
   87495.0     181.0     739.9   35766.6  164073.6
   87995.0     182.0     743.9   36004.9  165174.0
   88495.0     182.9     747.9   36243.2  166274.3
   88995.0     183.9     751.9   36481.5  167374.6
   89495.0     184.8     756.0   36719.8  168475.0
   89995.0     185.8     760.0   36958.1  169575.3
   90495.0     186.7     764.0   37196.3  170675.6
   90995.0     187.7     768.1   37434.6  171776.0
   91495.0     188.6     772.1   37672.9  172876.3
   91995.0     189.6     776.1   37911.2  173976.6
   92495.0     190.5     780.1   38149.5  175077.0
   92995.0     191.5     784.2   38387.8  176177.3
   93495.0     192.4     788.2   38626.1  177277.6
   93995.0     193.4     792.2   38864.4  178378.0
   94495.0     194.4     796.2   39102.7  179478.3
   94995.0     195.3     800.3   39340.9  180578.6
   95495.0     196.3     804.3   39579.2  181679.0
   95995.0     197.2     808.3   39817.5  182779.3
   96495.0     198.2     812.4   40055.8  183879.6
   96995.0     199.1     816.4   40294.1  184980.0
   97495.0     200.1     820.4   40532.4  186080.3
   97995.0     201.0     824.4   40770.7  187180.6
   98495.0     202.0     828.5   41009.0  188281.0
   98995.0     202.9     832.5   41247.3  189381.3
   99495.0     203.9     836.5   41485.5  190481.6
