# Characteristic  Pathlengths (in Angstroem) for Electron Transport in Ir
#
# ener(eV)      EMFP      IMFP     TRMFP      LNRG   
       5.0       2.6      92.2       2.0       0.1
      10.0       3.3      43.6       2.7       0.1
      15.0       3.0      25.1       2.8       0.1
      20.0       2.5      19.6       2.7       0.1
      25.0       2.0      16.3       2.5       0.1
      30.0       1.7      14.2       2.5       0.1
      35.0       1.5      12.9       2.5       0.1
      40.0       1.4      11.9       2.7       0.1
      45.0       1.4      10.9       2.9       1.2
      50.0       1.3       9.7       3.2       2.3
      55.0       1.3       8.6       3.5       3.3
      60.0       1.3       7.6       3.9       4.1
      65.0       1.3       6.8       4.3       5.0
      70.0       1.3       6.2       4.8       5.7
      75.0       1.3       5.8       5.2       6.4
      80.0       1.3       5.6       5.7       7.1
      85.0       1.3       5.4       6.2       7.8
      90.0       1.4       5.2       6.7       8.4
      95.0       1.4       5.2       7.2       9.0
     100.0       1.4       5.1       7.7       9.6
     105.0       1.4       5.0       8.2      10.2
     110.0       1.4       5.0       8.7      10.7
     115.0       1.4       4.9       9.2      11.2
     120.0       1.5       4.9       9.6      11.8
     125.0       1.5       4.9      10.0      12.3
     130.0       1.5       4.9      10.4      12.8
     135.0       1.5       4.9      10.7      13.3
     140.0       1.5       4.9      11.0      13.8
     145.0       1.6       4.9      11.3      14.3
     150.0       1.6       4.9      11.5      14.8
     155.0       1.6       4.9      11.7      15.3
     160.0       1.6       4.9      11.9      15.8
     165.0       1.7       4.9      12.0      16.3
     170.0       1.7       5.0      12.1      16.8
     175.0       1.7       5.0      12.2      17.3
     180.0       1.8       5.0      12.3      17.8
     185.0       1.8       5.1      12.3      18.3
     190.0       1.8       5.1      12.4      18.8
     195.0       1.8       5.1      12.4      19.3
     200.0       1.9       5.2      12.4      19.8
     205.0       1.9       5.2      12.4      20.3
     210.0       1.9       5.3      12.4      20.8
     215.0       2.0       5.3      12.4      21.3
     220.0       2.0       5.4      12.4      21.8
     225.0       2.0       5.4      12.4      22.3
     230.0       2.0       5.5      12.3      22.8
     235.0       2.1       5.5      12.3      23.3
     240.0       2.1       5.6      12.3      23.8
     245.0       2.1       5.6      12.3      24.4
     250.0       2.2       5.7      12.3      24.9
     255.0       2.2       5.7      12.2      25.4
     260.0       2.2       5.8      12.2      25.9
     265.0       2.2       5.8      12.2      26.4
     270.0       2.3       5.9      12.2      26.9
     275.0       2.3       5.9      12.1      27.5
     280.0       2.3       6.0      12.1      28.0
     285.0       2.4       6.1      12.1      28.5
     290.0       2.4       6.1      12.1      29.0
     295.0       2.4       6.2      12.1      29.6
     300.0       2.4       6.2      12.1      30.1
     305.0       2.5       6.3      12.1      30.6
     310.0       2.5       6.3      12.1      31.2
     315.0       2.5       6.4      12.0      31.7
     320.0       2.5       6.4      12.0      32.3
     325.0       2.6       6.5      12.0      32.8
     330.0       2.6       6.5      12.0      33.3
     335.0       2.6       6.6      12.0      33.9
     340.0       2.6       6.7      12.1      34.4
     345.0       2.7       6.7      12.1      35.0
     350.0       2.7       6.8      12.1      35.5
     355.0       2.7       6.8      12.1      36.1
     360.0       2.7       6.9      12.1      36.6
     365.0       2.8       6.9      12.1      37.2
     370.0       2.8       7.0      12.1      37.7
     375.0       2.8       7.0      12.1      38.3
     380.0       2.8       7.1      12.2      38.9
     385.0       2.9       7.1      12.2      39.4
     390.0       2.9       7.2      12.2      40.0
     395.0       2.9       7.2      12.2      40.5
     400.0       2.9       7.3      12.2      41.1
     405.0       3.0       7.3      12.3      41.7
     410.0       3.0       7.4      12.3      42.3
     415.0       3.0       7.5      12.3      42.8
     420.0       3.0       7.5      12.4      43.4
     425.0       3.0       7.6      12.4      44.0
     430.0       3.1       7.6      12.4      44.5
     435.0       3.1       7.7      12.5      45.1
     440.0       3.1       7.7      12.5      45.7
     445.0       3.1       7.8      12.5      46.3
     450.0       3.1       7.8      12.6      46.9
     455.0       3.2       7.9      12.6      47.4
     460.0       3.2       7.9      12.6      48.0
     465.0       3.2       8.0      12.7      48.6
     470.0       3.2       8.0      12.7      49.2
     475.0       3.2       8.1      12.8      49.8
     480.0       3.3       8.1      12.8      50.4
     485.0       3.3       8.2      12.8      51.0
     490.0       3.3       8.2      12.9      51.6
     495.0       3.3       8.3      12.9      52.2
     500.0       3.3       8.3      13.0      52.8
     505.0       3.3       8.4      13.0      53.4
     510.0       3.4       8.4      13.1      54.0
     515.0       3.4       8.5      13.1      54.6
     520.0       3.4       8.5      13.2      55.2
     525.0       3.4       8.6      13.2      55.8
     530.0       3.4       8.6      13.3      56.4
     535.0       3.4       8.7      13.3      57.0
     540.0       3.5       8.7      13.4      57.6
     545.0       3.5       8.8      13.4      58.2
     550.0       3.5       8.8      13.5      58.8
     555.0       3.5       8.9      13.5      59.4
     560.0       3.5       8.9      13.6      60.0
     565.0       3.5       9.0      13.6      60.6
     570.0       3.6       9.0      13.7      61.2
     575.0       3.6       9.1      13.8      61.9
     580.0       3.6       9.1      13.8      62.5
     585.0       3.6       9.2      13.9      63.1
     590.0       3.6       9.2      13.9      63.7
     595.0       3.6       9.3      14.0      64.3
     600.0       3.7       9.3      14.0      65.0
     605.0       3.7       9.4      14.1      65.6
     610.0       3.7       9.4      14.2      66.2
     615.0       3.7       9.5      14.2      66.8
     620.0       3.7       9.5      14.3      67.5
     625.0       3.7       9.6      14.3      68.1
     630.0       3.7       9.6      14.4      68.7
     635.0       3.8       9.7      14.5      69.3
     640.0       3.8       9.7      14.5      70.0
     645.0       3.8       9.8      14.6      70.6
     650.0       3.8       9.8      14.7      71.2
     655.0       3.8       9.9      14.7      71.9
     660.0       3.8       9.9      14.8      72.5
     665.0       3.8      10.0      14.8      73.2
     670.0       3.9      10.0      14.9      73.8
     675.0       3.9      10.1      15.0      74.4
     680.0       3.9      10.1      15.0      75.1
     685.0       3.9      10.2      15.1      75.7
     690.0       3.9      10.2      15.2      76.4
     695.0       3.9      10.3      15.2      77.0
     700.0       3.9      10.3      15.3      77.7
     705.0       3.9      10.4      15.4      78.3
     710.0       4.0      10.4      15.4      79.0
     715.0       4.0      10.5      15.5      79.6
     720.0       4.0      10.5      15.6      80.3
     725.0       4.0      10.6      15.7      80.9
     730.0       4.0      10.6      15.7      81.6
     735.0       4.0      10.7      15.8      82.2
     740.0       4.0      10.7      15.9      82.9
     745.0       4.0      10.8      15.9      83.5
     750.0       4.1      10.8      16.0      84.2
     755.0       4.1      10.8      16.1      84.9
     760.0       4.1      10.9      16.1      85.5
     765.0       4.1      10.9      16.2      86.2
     770.0       4.1      11.0      16.3      86.8
     775.0       4.1      11.0      16.4      87.5
     780.0       4.1      11.1      16.4      88.2
     785.0       4.1      11.1      16.5      88.8
     790.0       4.2      11.2      16.6      89.5
     795.0       4.2      11.2      16.6      90.2
     800.0       4.2      11.3      16.7      90.8
     805.0       4.2      11.3      16.8      91.5
     810.0       4.2      11.4      16.9      92.2
     815.0       4.2      11.4      16.9      92.9
     820.0       4.2      11.5      17.0      93.5
     825.0       4.2      11.5      17.1      94.2
     830.0       4.2      11.6      17.2      94.9
     835.0       4.3      11.6      17.2      95.6
     840.0       4.3      11.7      17.3      96.2
     845.0       4.3      11.7      17.4      96.9
     850.0       4.3      11.7      17.5      97.6
     855.0       4.3      11.8      17.5      98.3
     860.0       4.3      11.8      17.6      99.0
     865.0       4.3      11.9      17.7      99.7
     870.0       4.3      11.9      17.8     100.3
     875.0       4.3      12.0      17.9     101.0
     880.0       4.4      12.0      17.9     101.7
     885.0       4.4      12.1      18.0     102.4
     890.0       4.4      12.1      18.1     103.1
     895.0       4.4      12.2      18.2     103.8
     900.0       4.4      12.2      18.2     104.5
     905.0       4.4      12.3      18.3     105.2
     910.0       4.4      12.3      18.4     105.9
     915.0       4.4      12.3      18.5     106.6
     920.0       4.4      12.4      18.6     107.2
     925.0       4.4      12.4      18.6     107.9
     930.0       4.5      12.5      18.7     108.6
     935.0       4.5      12.5      18.8     109.3
     940.0       4.5      12.6      18.9     110.0
     945.0       4.5      12.6      19.0     110.7
     950.0       4.5      12.7      19.0     111.4
     955.0       4.5      12.7      19.1     112.2
     960.0       4.5      12.8      19.2     112.9
     965.0       4.5      12.8      19.3     113.6
     970.0       4.5      12.9      19.4     114.3
     975.0       4.6      12.9      19.4     115.0
     980.0       4.6      12.9      19.5     115.7
     985.0       4.6      13.0      19.6     116.4
     990.0       4.6      13.0      19.7     117.1
     995.0       4.6      13.1      19.8     117.8
    1000.0       4.6      13.1      19.9     118.5
    1005.0       4.6      13.2      19.9     119.3
    1010.0       4.6      13.2      20.0     120.0
    1015.0       4.6      13.3      20.1     120.7
    1020.0       4.6      13.3      20.2     121.4
    1025.0       4.7      13.4      20.3     122.1
    1030.0       4.7      13.4      20.4     122.9
    1035.0       4.7      13.4      20.4     123.6
    1040.0       4.7      13.5      20.5     124.3
    1045.0       4.7      13.5      20.6     125.0
    1050.0       4.7      13.6      20.7     125.8
    1055.0       4.7      13.6      20.8     126.5
    1060.0       4.7      13.7      20.9     127.2
    1065.0       4.7      13.7      20.9     128.0
    1070.0       4.7      13.8      21.0     128.7
    1075.0       4.8      13.8      21.1     129.4
    1080.0       4.8      13.9      21.2     130.2
    1085.0       4.8      13.9      21.3     130.9
    1090.0       4.8      13.9      21.4     131.6
    1095.0       4.8      14.0      21.5     132.3
    1100.0       4.8      14.0      21.5     133.1
    1105.0       4.8      14.1      21.6     133.8
    1110.0       4.8      14.1      21.7     134.6
    1115.0       4.8      14.2      21.8     135.3
    1120.0       4.8      14.2      21.9     136.1
    1125.0       4.8      14.3      22.0     136.8
    1130.0       4.9      14.3      22.1     137.5
    1135.0       4.9      14.3      22.1     138.3
    1140.0       4.9      14.4      22.2     139.0
    1145.0       4.9      14.4      22.3     139.8
    1150.0       4.9      14.5      22.4     140.5
    1155.0       4.9      14.5      22.5     141.3
    1160.0       4.9      14.6      22.6     142.0
    1165.0       4.9      14.6      22.7     142.8
    1170.0       4.9      14.7      22.8     143.5
    1175.0       4.9      14.7      22.9     144.3
    1180.0       5.0      14.7      22.9     145.0
    1185.0       5.0      14.8      23.0     145.8
    1190.0       5.0      14.8      23.1     146.5
    1195.0       5.0      14.9      23.2     147.3
    1200.0       5.0      14.9      23.3     148.1
    1205.0       5.0      15.0      23.4     148.8
    1210.0       5.0      15.0      23.5     149.6
    1215.0       5.0      15.1      23.6     150.4
    1220.0       5.0      15.1      23.7     151.1
    1225.0       5.0      15.1      23.7     151.9
    1230.0       5.0      15.2      23.8     152.6
    1235.0       5.1      15.2      23.9     153.4
    1240.0       5.1      15.3      24.0     154.2
    1245.0       5.1      15.3      24.1     154.9
    1250.0       5.1      15.4      24.2     155.7
    1255.0       5.1      15.4      24.3     156.5
    1260.0       5.1      15.5      24.4     157.3
    1265.0       5.1      15.5      24.5     158.0
    1270.0       5.1      15.5      24.6     158.8
    1275.0       5.1      15.6      24.7     159.6
    1280.0       5.1      15.6      24.7     160.4
    1285.0       5.1      15.7      24.8     161.1
    1290.0       5.2      15.7      24.9     161.9
    1295.0       5.2      15.8      25.0     162.7
    1300.0       5.2      15.8      25.1     163.5
    1305.0       5.2      15.8      25.2     164.2
    1310.0       5.2      15.9      25.3     165.0
    1315.0       5.2      15.9      25.4     165.8
    1320.0       5.2      16.0      25.5     166.6
    1325.0       5.2      16.0      25.6     167.4
    1330.0       5.2      16.1      25.7     168.2
    1335.0       5.2      16.1      25.8     168.9
    1340.0       5.2      16.2      25.9     169.7
    1345.0       5.2      16.2      26.0     170.5
    1350.0       5.3      16.2      26.0     171.3
    1355.0       5.3      16.3      26.1     172.1
    1360.0       5.3      16.3      26.2     172.9
    1365.0       5.3      16.4      26.3     173.7
    1370.0       5.3      16.4      26.4     174.5
    1375.0       5.3      16.5      26.5     175.3
    1380.0       5.3      16.5      26.6     176.1
    1385.0       5.3      16.5      26.7     176.9
    1390.0       5.3      16.6      26.8     177.7
    1395.0       5.3      16.6      26.9     178.5
    1400.0       5.3      16.7      27.0     179.3
    1405.0       5.4      16.7      27.1     180.1
    1410.0       5.4      16.8      27.2     180.9
    1415.0       5.4      16.8      27.3     181.7
    1420.0       5.4      16.8      27.4     182.5
    1425.0       5.4      16.9      27.5     183.3
    1430.0       5.4      16.9      27.6     184.1
    1435.0       5.4      17.0      27.7     184.9
    1440.0       5.4      17.0      27.8     185.7
    1445.0       5.4      17.1      27.9     186.5
    1450.0       5.4      17.1      28.0     187.3
    1455.0       5.4      17.2      28.1     188.1
    1460.0       5.4      17.2      28.1     189.0
    1465.0       5.5      17.2      28.2     189.8
    1470.0       5.5      17.3      28.3     190.6
    1475.0       5.5      17.3      28.4     191.4
    1480.0       5.5      17.4      28.5     192.2
    1485.0       5.5      17.4      28.6     193.0
    1490.0       5.5      17.5      28.7     193.9
    1495.0       5.5      17.5      28.8     194.7
    1500.0       5.5      17.5      28.9     195.5
    1505.0       5.5      17.6      29.0     196.3
    1510.0       5.5      17.6      29.1     197.1
    1515.0       5.5      17.7      29.2     198.0
    1520.0       5.5      17.7      29.3     198.8
    1525.0       5.6      17.8      29.4     199.6
    1530.0       5.6      17.8      29.5     200.5
    1535.0       5.6      17.8      29.6     201.3
    1540.0       5.6      17.9      29.7     202.1
    1545.0       5.6      17.9      29.8     202.9
    1550.0       5.6      18.0      29.9     203.8
    1555.0       5.6      18.0      30.0     204.6
    1560.0       5.6      18.1      30.1     205.4
    1565.0       5.6      18.1      30.2     206.3
    1570.0       5.6      18.1      30.3     207.1
    1575.0       5.6      18.2      30.4     207.9
    1580.0       5.6      18.2      30.5     208.8
    1585.0       5.7      18.3      30.6     209.6
    1590.0       5.7      18.3      30.7     210.5
    1595.0       5.7      18.4      30.8     211.3
    1600.0       5.7      18.4      30.9     212.1
    1605.0       5.7      18.4      31.0     213.0
    1610.0       5.7      18.5      31.1     213.8
    1615.0       5.7      18.5      31.2     214.7
    1620.0       5.7      18.6      31.3     215.5
    1625.0       5.7      18.6      31.4     216.4
    1630.0       5.7      18.7      31.5     217.2
    1635.0       5.7      18.7      31.6     218.1
    1640.0       5.7      18.7      31.7     218.9
    1645.0       5.8      18.8      31.8     219.8
    1650.0       5.8      18.8      31.9     220.6
    1655.0       5.8      18.9      32.0     221.5
    1660.0       5.8      18.9      32.1     222.3
    1665.0       5.8      18.9      32.2     223.2
    1670.0       5.8      19.0      32.3     224.1
    1675.0       5.8      19.0      32.4     224.9
    1680.0       5.8      19.1      32.5     225.8
    1685.0       5.8      19.1      32.6     226.6
    1690.0       5.8      19.2      32.7     227.5
    1695.0       5.8      19.2      32.8     228.3
    1700.0       5.8      19.2      32.9     229.2
    1705.0       5.8      19.3      33.0     230.1
    1710.0       5.9      19.3      33.1     230.9
    1715.0       5.9      19.4      33.3     231.8
    1720.0       5.9      19.4      33.4     232.7
    1725.0       5.9      19.5      33.5     233.6
    1730.0       5.9      19.5      33.6     234.4
    1735.0       5.9      19.5      33.7     235.3
    1740.0       5.9      19.6      33.8     236.2
    1745.0       5.9      19.6      33.9     237.0
    1750.0       5.9      19.7      34.0     237.9
    1755.0       5.9      19.7      34.1     238.8
    1760.0       5.9      19.7      34.2     239.7
    1765.0       5.9      19.8      34.3     240.5
    1770.0       6.0      19.8      34.4     241.4
    1775.0       6.0      19.9      34.5     242.3
    1780.0       6.0      19.9      34.6     243.2
    1785.0       6.0      20.0      34.7     244.1
    1790.0       6.0      20.0      34.8     244.9
    1795.0       6.0      20.0      34.9     245.8
    1800.0       6.0      20.1      35.0     246.7
    1805.0       6.0      20.1      35.1     247.6
    1810.0       6.0      20.2      35.2     248.5
    1815.0       6.0      20.2      35.3     249.4
    1820.0       6.0      20.3      35.4     250.3
    1825.0       6.0      20.3      35.6     251.1
    1830.0       6.0      20.3      35.7     252.0
    1835.0       6.1      20.4      35.8     252.9
    1840.0       6.1      20.4      35.9     253.8
    1845.0       6.1      20.5      36.0     254.7
    1850.0       6.1      20.5      36.1     255.6
    1855.0       6.1      20.5      36.2     256.5
    1860.0       6.1      20.6      36.3     257.4
    1865.0       6.1      20.6      36.4     258.3
    1870.0       6.1      20.7      36.5     259.2
    1875.0       6.1      20.7      36.6     260.1
    1880.0       6.1      20.8      36.7     261.0
    1885.0       6.1      20.8      36.8     261.9
    1890.0       6.1      20.8      36.9     262.8
    1895.0       6.1      20.9      37.0     263.7
    1900.0       6.2      20.9      37.1     264.6
    1905.0       6.2      21.0      37.3     265.5
    1910.0       6.2      21.0      37.4     266.4
    1915.0       6.2      21.0      37.5     267.3
    1920.0       6.2      21.1      37.6     268.2
    1925.0       6.2      21.1      37.7     269.2
    1930.0       6.2      21.2      37.8     270.1
    1935.0       6.2      21.2      37.9     271.0
    1940.0       6.2      21.3      38.0     271.9
    1945.0       6.2      21.3      38.1     272.8
    1950.0       6.2      21.3      38.2     273.7
    1955.0       6.2      21.4      38.3     274.6
    1960.0       6.2      21.4      38.4     275.6
    1965.0       6.3      21.5      38.6     276.5
    1970.0       6.3      21.5      38.7     277.4
    1975.0       6.3      21.5      38.8     278.3
    1980.0       6.3      21.6      38.9     279.2
    1985.0       6.3      21.6      39.0     280.2
    1990.0       6.3      21.7      39.1     281.1
    1995.0       6.3      21.7      39.2     282.0
    2495.0       7.0      25.8      50.7     380.4
    2995.0       7.7      29.8      63.2     489.3
    3495.0       8.3      33.6      76.5     608.5
    3995.0       8.9      37.4      90.7     738.1
    4495.0       9.4      41.2     105.8     877.5
    4995.0       9.9      44.9     121.6    1026.0
    5495.0      10.5      48.5     138.1    1183.1
    5995.0      11.0      52.1     155.4    1348.5
    6495.0      11.4      55.6     173.3    1522.0
    6995.0      11.9      59.1     191.9    1703.5
    7495.0      12.4      62.6     211.2    1892.9
    7995.0      12.8      66.0     231.1    2090.0
    8495.0      13.2      69.5     251.6    2294.8
    8995.0      13.7      72.9     272.7    2507.3
    9495.0      14.1      76.2     294.4    2727.4
    9995.0      14.5      79.6     316.7    2955.0
   10495.0      14.9      82.9     339.6    3190.1
   10995.0      15.3      86.2     363.0    3432.6
   11495.0      15.7      89.5     386.9    3682.5
   11995.0      16.1      92.8     411.4    3939.8
   12495.0      16.4      96.0     436.4    4204.4
   12995.0      16.8      99.3     462.0    4476.2
   13495.0      17.2     102.5     488.0    4755.3
   13995.0      17.6     105.7     514.5    5041.6
   14495.0      17.9     108.9     541.6    5335.1
   14995.0      18.3     112.1     569.1    5635.7
   15495.0      18.6     115.3     597.1    5943.4
   15995.0      19.0     118.4     625.6    6258.1
   16495.0      19.3     121.6     654.5    6579.9
   16995.0      19.6     124.7     684.0    6908.7
   17495.0      20.0     127.8     713.8    7244.5
   17995.0      20.3     131.0     744.2    7587.3
   18495.0      20.6     134.1     774.9    7936.9
   18995.0      21.0     137.2     806.2    8293.5
   19495.0      21.3     140.3     837.8    8656.9
   19995.0      21.6     143.3     869.9    9027.2
   20495.0      21.9     146.4     902.4    9404.3
   20995.0      22.2     149.5     935.4    9788.2
   21495.0      22.6     152.5     968.7   10178.8
   21995.0      22.9     155.6    1002.5   10576.3
   22495.0      23.2     158.6    1036.7   10980.4
   22995.0      23.5     161.6    1071.3   11391.3
   23495.0      23.8     164.6    1106.3   11808.8
   23995.0      24.1     167.6    1141.7   12232.9
   24495.0      24.4     170.7    1177.4   12663.6
   24995.0      24.7     173.7    1213.6   13100.9
   25495.0      25.0     176.6    1250.2   13544.7
   25995.0      25.3     179.6    1287.2   13995.0
   26495.0      25.6     182.6    1324.5   14451.8
   26995.0      25.8     185.6    1362.2   14915.1
   27495.0      26.1     188.5    1400.3   15384.8
   27995.0      26.4     191.5    1438.8   15860.9
   28495.0      26.7     194.5    1477.7   16343.3
   28995.0      27.0     197.4    1516.9   16832.2
   29495.0      27.2     200.4    1556.5   17327.3
   29995.0      27.5     203.3    1596.4   17828.8
   30495.0      27.8     206.2    1636.5   18332.8
   30995.0      28.1     209.2    1676.6   18836.7
   31495.0      28.3     212.1    1716.7   19340.7
   31995.0      28.6     215.0    1756.8   19844.7
   32495.0      28.9     218.0    1796.9   20348.6
   32995.0      29.2     220.9    1837.0   20852.6
   33495.0      29.4     223.8    1877.0   21356.6
   33995.0      29.7     226.8    1917.1   21860.5
   34495.0      30.0     229.7    1957.2   22364.5
   34995.0      30.3     232.6    1997.3   22868.5
   35495.0      30.6     235.6    2037.4   23372.4
   35995.0      30.8     238.5    2077.5   23876.4
   36495.0      31.1     241.4    2117.6   24380.4
   36995.0      31.4     244.4    2157.7   24884.3
   37495.0      31.7     247.3    2197.8   25388.3
   37995.0      31.9     250.2    2237.9   25892.3
   38495.0      32.2     253.2    2277.9   26396.2
   38995.0      32.5     256.1    2318.0   26900.2
   39495.0      32.8     259.0    2358.1   27404.2
   39995.0      33.0     262.0    2398.2   27908.1
   40495.0      33.3     264.9    2438.3   28412.1
   40995.0      33.6     267.8    2478.4   28916.1
   41495.0      33.9     270.8    2518.5   29420.0
   41995.0      34.1     273.7    2558.6   29924.0
   42495.0      34.4     276.6    2598.7   30428.0
   42995.0      34.7     279.6    2638.8   30931.9
   43495.0      35.0     282.5    2678.9   31435.9
   43995.0      35.2     285.4    2718.9   31939.9
   44495.0      35.5     288.4    2759.0   32443.8
   44995.0      35.8     291.3    2799.1   32947.8
   45495.0      36.1     294.2    2839.2   33451.8
   45995.0      36.3     297.2    2879.3   33955.8
   46495.0      36.6     300.1    2919.4   34459.7
   46995.0      36.9     303.0    2959.5   34963.7
   47495.0      37.2     306.0    2999.6   35467.7
   47995.0      37.4     308.9    3039.7   35971.6
   48495.0      37.7     311.8    3079.8   36475.6
   48995.0      38.0     314.8    3119.8   36979.6
   49495.0      38.3     317.7    3159.9   37483.5
   49995.0      38.5     320.6    3200.0   37987.5
   50495.0      38.8     323.6    3240.1   38491.5
   50995.0      39.1     326.5    3280.2   38995.4
   51495.0      39.4     329.4    3320.3   39499.4
   51995.0      39.6     332.4    3360.4   40003.4
   52495.0      39.9     335.3    3400.5   40507.3
   52995.0      40.2     338.2    3440.6   41011.3
   53495.0      40.5     341.2    3480.7   41515.3
   53995.0      40.7     344.1    3520.7   42019.2
   54495.0      41.0     347.0    3560.8   42523.2
   54995.0      41.3     350.0    3600.9   43027.2
   55495.0      41.6     352.9    3641.0   43531.1
   55995.0      41.8     355.8    3681.1   44035.1
   56495.0      42.1     358.8    3721.2   44539.1
   56995.0      42.4     361.7    3761.3   45043.0
   57495.0      42.7     364.6    3801.4   45547.0
   57995.0      42.9     367.6    3841.5   46051.0
   58495.0      43.2     370.5    3881.6   46554.9
   58995.0      43.5     373.5    3921.6   47058.9
   59495.0      43.8     376.4    3961.7   47562.9
   59995.0      44.0     379.3    4001.8   48066.8
   60495.0      44.3     382.3    4041.9   48570.8
   60995.0      44.6     385.2    4082.0   49074.8
   61495.0      44.9     388.1    4122.1   49578.8
   61995.0      45.1     391.1    4162.2   50082.7
   62495.0      45.4     394.0    4202.3   50586.7
   62995.0      45.7     396.9    4242.4   51090.7
   63495.0      46.0     399.9    4282.5   51594.6
   63995.0      46.2     402.8    4322.5   52098.6
   64495.0      46.5     405.7    4362.6   52602.6
   64995.0      46.8     408.7    4402.7   53106.5
   65495.0      47.1     411.6    4442.8   53610.5
   65995.0      47.4     414.5    4482.9   54114.5
   66495.0      47.6     417.5    4523.0   54618.4
   66995.0      47.9     420.4    4563.1   55122.4
   67495.0      48.2     423.3    4603.2   55626.4
   67995.0      48.5     426.3    4643.3   56130.3
   68495.0      48.7     429.2    4683.4   56634.3
   68995.0      49.0     432.1    4723.4   57138.3
   69495.0      49.3     435.1    4763.5   57642.2
   69995.0      49.6     438.0    4803.6   58146.2
   70495.0      49.8     440.9    4843.7   58650.2
   70995.0      50.1     443.9    4883.8   59154.1
   71495.0      50.4     446.8    4923.9   59658.1
   71995.0      50.7     449.7    4964.0   60162.1
   72495.0      50.9     452.7    5004.1   60666.0
   72995.0      51.2     455.6    5044.2   61170.0
   73495.0      51.5     458.5    5084.3   61674.0
   73995.0      51.8     461.5    5124.3   62177.9
   74495.0      52.0     464.4    5164.4   62681.9
   74995.0      52.3     467.3    5204.5   63185.9
   75495.0      52.6     470.3    5244.6   63689.8
   75995.0      52.9     473.2    5284.7   64193.8
   76495.0      53.1     476.1    5324.8   64697.8
   76995.0      53.4     479.1    5364.9   65201.8
   77495.0      53.7     482.0    5405.0   65705.7
   77995.0      54.0     484.9    5445.1   66209.7
   78495.0      54.2     487.9    5485.2   66713.7
   78995.0      54.5     490.8    5525.3   67217.6
   79495.0      54.8     493.7    5565.3   67721.6
   79995.0      55.1     496.7    5605.4   68225.6
   80495.0      55.3     499.6    5645.5   68729.5
   80995.0      55.6     502.5    5685.6   69233.5
   81495.0      55.9     505.5    5725.7   69737.5
   81995.0      56.2     508.4    5765.8   70241.4
   82495.0      56.4     511.3    5805.9   70745.4
   82995.0      56.7     514.3    5846.0   71249.4
   83495.0      57.0     517.2    5886.1   71753.3
   83995.0      57.3     520.1    5926.2   72257.3
   84495.0      57.5     523.1    5966.2   72761.3
   84995.0      57.8     526.0    6006.3   73265.2
   85495.0      58.1     528.9    6046.4   73769.2
   85995.0      58.4     531.9    6086.5   74273.2
   86495.0      58.6     534.8    6126.6   74777.1
   86995.0      58.9     537.7    6166.7   75281.1
   87495.0      59.2     540.7    6206.8   75785.1
   87995.0      59.5     543.6    6246.9   76289.0
   88495.0      59.7     546.5    6287.0   76793.0
   88995.0      60.0     549.5    6327.1   77297.0
   89495.0      60.3     552.4    6367.1   77800.9
   89995.0      60.6     555.3    6407.2   78304.9
   90495.0      60.8     558.3    6447.3   78808.9
   90995.0      61.1     561.2    6487.4   79312.8
   91495.0      61.4     564.2    6527.5   79816.8
   91995.0      61.7     567.1    6567.6   80320.8
   92495.0      61.9     570.0    6607.7   80824.7
   92995.0      62.2     573.0    6647.8   81328.7
   93495.0      62.5     575.9    6687.9   81832.7
   93995.0      62.8     578.8    6728.0   82336.7
   94495.0      63.1     581.8    6768.0   82840.6
   94995.0      63.3     584.7    6808.1   83344.6
   95495.0      63.6     587.6    6848.2   83848.6
   95995.0      63.9     590.6    6888.3   84352.5
   96495.0      64.2     593.5    6928.4   84856.5
   96995.0      64.4     596.4    6968.5   85360.5
   97495.0      64.7     599.4    7008.6   85864.4
   97995.0      65.0     602.3    7048.7   86368.4
   98495.0      65.3     605.2    7088.8   86872.4
   98995.0      65.5     608.2    7128.9   87376.3
   99495.0      65.8     611.1    7168.9   87880.3
