# Characteristic  Pathlengths (in Angstroem) for Electron Transport in Nb
#
# ener(eV)      EMFP      IMFP     TRMFP      LNRG   
       5.0       1.4      69.8       1.7       0.1
      10.0       1.0      50.1       1.5       0.1
      15.0       1.0      32.7       1.9       0.1
      20.0       1.1      23.6       2.5       0.1
      25.0       1.2      19.2       3.2       0.1
      30.0       1.3      16.2       3.8       0.1
      35.0       1.4      13.2       4.5       0.1
      40.0       1.5      10.7       5.1       0.1
      45.0       1.5       9.3       5.8       1.8
      50.0       1.6       8.6       6.4       3.3
      55.0       1.6       8.2       7.0       4.7
      60.0       1.7       8.0       7.6       5.9
      65.0       1.8       7.8       8.1       6.9
      70.0       1.8       7.7       8.6       7.9
      75.0       1.9       7.5       9.0       8.8
      80.0       2.0       7.3       9.3       9.7
      85.0       2.0       7.0       9.5      10.5
      90.0       2.1       6.8       9.7      11.3
      95.0       2.2       6.5       9.8      12.1
     100.0       2.2       6.4       9.9      12.8
     105.0       2.3       6.2      10.0      13.6
     110.0       2.4       6.1      10.1      14.3
     115.0       2.4       6.0      10.1      15.0
     120.0       2.5       6.0      10.2      15.7
     125.0       2.6       6.0      10.2      16.4
     130.0       2.7       6.0      10.2      17.1
     135.0       2.7       6.0      10.3      17.9
     140.0       2.8       6.0      10.3      18.6
     145.0       2.9       6.1      10.3      19.3
     150.0       2.9       6.1      10.4      20.0
     155.0       3.0       6.2      10.4      20.7
     160.0       3.1       6.2      10.4      21.4
     165.0       3.1       6.3      10.5      22.2
     170.0       3.2       6.4      10.5      22.9
     175.0       3.2       6.4      10.6      23.6
     180.0       3.3       6.5      10.7      24.4
     185.0       3.4       6.6      10.7      25.1
     190.0       3.4       6.7      10.8      25.8
     195.0       3.5       6.7      10.9      26.6
     200.0       3.5       6.8      10.9      27.4
     205.0       3.6       6.9      11.0      28.1
     210.0       3.6       7.0      11.1      28.9
     215.0       3.7       7.1      11.2      29.6
     220.0       3.7       7.2      11.3      30.4
     225.0       3.8       7.2      11.4      31.2
     230.0       3.8       7.3      11.5      32.0
     235.0       3.9       7.4      11.6      32.8
     240.0       3.9       7.5      11.7      33.6
     245.0       4.0       7.6      11.8      34.4
     250.0       4.0       7.7      11.9      35.2
     255.0       4.1       7.7      12.0      36.0
     260.0       4.1       7.8      12.1      36.8
     265.0       4.2       7.9      12.2      37.6
     270.0       4.2       8.0      12.3      38.5
     275.0       4.2       8.1      12.4      39.3
     280.0       4.3       8.2      12.6      40.1
     285.0       4.3       8.3      12.7      41.0
     290.0       4.4       8.3      12.8      41.8
     295.0       4.4       8.4      12.9      42.7
     300.0       4.4       8.5      13.1      43.5
     305.0       4.5       8.6      13.2      44.4
     310.0       4.5       8.7      13.3      45.3
     315.0       4.5       8.8      13.4      46.2
     320.0       4.6       8.9      13.6      47.0
     325.0       4.6       8.9      13.7      47.9
     330.0       4.7       9.0      13.8      48.8
     335.0       4.7       9.1      14.0      49.7
     340.0       4.7       9.2      14.1      50.6
     345.0       4.8       9.3      14.3      51.5
     350.0       4.8       9.4      14.4      52.5
     355.0       4.8       9.5      14.5      53.4
     360.0       4.9       9.5      14.7      54.3
     365.0       4.9       9.6      14.8      55.2
     370.0       4.9       9.7      15.0      56.2
     375.0       5.0       9.8      15.1      57.1
     380.0       5.0       9.9      15.3      58.1
     385.0       5.0      10.0      15.4      59.0
     390.0       5.0      10.0      15.6      60.0
     395.0       5.1      10.1      15.7      61.0
     400.0       5.1      10.2      15.9      61.9
     405.0       5.1      10.3      16.0      62.9
     410.0       5.2      10.4      16.2      63.9
     415.0       5.2      10.5      16.3      64.9
     420.0       5.2      10.5      16.5      65.9
     425.0       5.3      10.6      16.7      66.9
     430.0       5.3      10.7      16.8      67.9
     435.0       5.3      10.8      17.0      68.9
     440.0       5.3      10.9      17.1      69.9
     445.0       5.4      11.0      17.3      70.9
     450.0       5.4      11.0      17.5      71.9
     455.0       5.4      11.1      17.6      72.9
     460.0       5.5      11.2      17.8      73.9
     465.0       5.5      11.3      18.0      75.0
     470.0       5.5      11.4      18.1      76.0
     475.0       5.5      11.5      18.3      77.0
     480.0       5.6      11.5      18.5      78.1
     485.0       5.6      11.6      18.6      79.1
     490.0       5.6      11.7      18.8      80.2
     495.0       5.6      11.8      19.0      81.2
     500.0       5.7      11.9      19.1      82.3
     505.0       5.7      11.9      19.3      83.4
     510.0       5.7      12.0      19.5      84.4
     515.0       5.8      12.1      19.7      85.5
     520.0       5.8      12.2      19.8      86.6
     525.0       5.8      12.3      20.0      87.6
     530.0       5.8      12.3      20.2      88.7
     535.0       5.9      12.4      20.4      89.8
     540.0       5.9      12.5      20.5      90.9
     545.0       5.9      12.6      20.7      92.0
     550.0       5.9      12.7      20.9      93.1
     555.0       6.0      12.7      21.1      94.1
     560.0       6.0      12.8      21.3      95.2
     565.0       6.0      12.9      21.4      96.4
     570.0       6.0      13.0      21.6      97.5
     575.0       6.1      13.0      21.8      98.6
     580.0       6.1      13.1      22.0      99.7
     585.0       6.1      13.2      22.2     100.8
     590.0       6.1      13.3      22.3     101.9
     595.0       6.1      13.4      22.5     103.0
     600.0       6.2      13.4      22.7     104.1
     605.0       6.2      13.5      22.9     105.3
     610.0       6.2      13.6      23.1     106.4
     615.0       6.2      13.7      23.3     107.5
     620.0       6.3      13.7      23.5     108.7
     625.0       6.3      13.8      23.7     109.8
     630.0       6.3      13.9      23.8     110.9
     635.0       6.3      14.0      24.0     112.1
     640.0       6.4      14.0      24.2     113.2
     645.0       6.4      14.1      24.4     114.4
     650.0       6.4      14.2      24.6     115.5
     655.0       6.4      14.3      24.8     116.7
     660.0       6.4      14.3      25.0     117.8
     665.0       6.5      14.4      25.2     119.0
     670.0       6.5      14.5      25.4     120.2
     675.0       6.5      14.6      25.6     121.3
     680.0       6.5      14.6      25.8     122.5
     685.0       6.6      14.7      26.0     123.7
     690.0       6.6      14.8      26.2     124.9
     695.0       6.6      14.9      26.4     126.0
     700.0       6.6      14.9      26.6     127.2
     705.0       6.7      15.0      26.8     128.4
     710.0       6.7      15.1      27.0     129.6
     715.0       6.7      15.2      27.2     130.8
     720.0       6.7      15.2      27.4     131.9
     725.0       6.7      15.3      27.6     133.1
     730.0       6.8      15.4      27.8     134.3
     735.0       6.8      15.4      28.0     135.5
     740.0       6.8      15.5      28.2     136.7
     745.0       6.8      15.6      28.4     137.9
     750.0       6.8      15.7      28.6     139.1
     755.0       6.9      15.7      28.8     140.3
     760.0       6.9      15.8      29.0     141.6
     765.0       6.9      15.9      29.2     142.8
     770.0       6.9      16.0      29.4     144.0
     775.0       7.0      16.0      29.6     145.2
     780.0       7.0      16.1      29.8     146.4
     785.0       7.0      16.2      30.0     147.6
     790.0       7.0      16.3      30.2     148.9
     795.0       7.0      16.3      30.4     150.1
     800.0       7.1      16.4      30.6     151.3
     805.0       7.1      16.5      30.8     152.5
     810.0       7.1      16.5      31.1     153.8
     815.0       7.1      16.6      31.3     155.0
     820.0       7.1      16.7      31.5     156.2
     825.0       7.2      16.8      31.7     157.5
     830.0       7.2      16.8      31.9     158.7
     835.0       7.2      16.9      32.1     160.0
     840.0       7.2      17.0      32.3     161.2
     845.0       7.2      17.0      32.5     162.5
     850.0       7.3      17.1      32.8     163.7
     855.0       7.3      17.2      33.0     165.0
     860.0       7.3      17.3      33.2     166.2
     865.0       7.3      17.3      33.4     167.5
     870.0       7.4      17.4      33.6     168.8
     875.0       7.4      17.5      33.8     170.0
     880.0       7.4      17.5      34.1     171.3
     885.0       7.4      17.6      34.3     172.6
     890.0       7.4      17.7      34.5     173.8
     895.0       7.5      17.8      34.7     175.1
     900.0       7.5      17.8      34.9     176.4
     905.0       7.5      17.9      35.2     177.7
     910.0       7.5      18.0      35.4     178.9
     915.0       7.5      18.0      35.6     180.2
     920.0       7.6      18.1      35.8     181.5
     925.0       7.6      18.2      36.0     182.8
     930.0       7.6      18.3      36.3     184.1
     935.0       7.6      18.3      36.5     185.4
     940.0       7.6      18.4      36.7     186.7
     945.0       7.7      18.5      36.9     188.0
     950.0       7.7      18.5      37.2     189.2
     955.0       7.7      18.6      37.4     190.5
     960.0       7.7      18.7      37.6     191.9
     965.0       7.7      18.7      37.8     193.2
     970.0       7.8      18.8      38.1     194.5
     975.0       7.8      18.9      38.3     195.8
     980.0       7.8      19.0      38.5     197.1
     985.0       7.8      19.0      38.7     198.4
     990.0       7.8      19.1      39.0     199.7
     995.0       7.8      19.2      39.2     201.0
    1000.0       7.9      19.2      39.4     202.4
    1005.0       7.9      19.3      39.7     203.7
    1010.0       7.9      19.4      39.9     205.0
    1015.0       7.9      19.4      40.1     206.4
    1020.0       7.9      19.5      40.4     207.7
    1025.0       8.0      19.6      40.6     209.0
    1030.0       8.0      19.6      40.8     210.4
    1035.0       8.0      19.7      41.1     211.7
    1040.0       8.0      19.8      41.3     213.1
    1045.0       8.0      19.9      41.5     214.4
    1050.0       8.1      19.9      41.8     215.8
    1055.0       8.1      20.0      42.0     217.1
    1060.0       8.1      20.1      42.2     218.5
    1065.0       8.1      20.1      42.5     219.8
    1070.0       8.1      20.2      42.7     221.2
    1075.0       8.2      20.3      42.9     222.6
    1080.0       8.2      20.3      43.2     223.9
    1085.0       8.2      20.4      43.4     225.3
    1090.0       8.2      20.5      43.6     226.6
    1095.0       8.2      20.5      43.9     228.0
    1100.0       8.2      20.6      44.1     229.4
    1105.0       8.3      20.7      44.4     230.8
    1110.0       8.3      20.8      44.6     232.1
    1115.0       8.3      20.8      44.9     233.5
    1120.0       8.3      20.9      45.1     234.9
    1125.0       8.3      21.0      45.3     236.3
    1130.0       8.4      21.0      45.6     237.7
    1135.0       8.4      21.1      45.8     239.0
    1140.0       8.4      21.2      46.1     240.4
    1145.0       8.4      21.2      46.3     241.8
    1150.0       8.4      21.3      46.5     243.2
    1155.0       8.5      21.4      46.8     244.6
    1160.0       8.5      21.4      47.0     246.0
    1165.0       8.5      21.5      47.3     247.4
    1170.0       8.5      21.6      47.5     248.8
    1175.0       8.5      21.6      47.8     250.2
    1180.0       8.5      21.7      48.0     251.6
    1185.0       8.6      21.8      48.3     253.0
    1190.0       8.6      21.8      48.5     254.4
    1195.0       8.6      21.9      48.8     255.8
    1200.0       8.6      22.0      49.0     257.3
    1205.0       8.6      22.0      49.3     258.7
    1210.0       8.7      22.1      49.5     260.1
    1215.0       8.7      22.2      49.8     261.5
    1220.0       8.7      22.3      50.0     263.0
    1225.0       8.7      22.3      50.3     264.4
    1230.0       8.7      22.4      50.5     265.8
    1235.0       8.7      22.5      50.8     267.2
    1240.0       8.8      22.5      51.0     268.7
    1245.0       8.8      22.6      51.3     270.1
    1250.0       8.8      22.7      51.5     271.5
    1255.0       8.8      22.7      51.8     273.0
    1260.0       8.8      22.8      52.0     274.4
    1265.0       8.9      22.9      52.3     275.9
    1270.0       8.9      22.9      52.5     277.3
    1275.0       8.9      23.0      52.8     278.8
    1280.0       8.9      23.1      53.1     280.2
    1285.0       8.9      23.1      53.3     281.7
    1290.0       8.9      23.2      53.6     283.1
    1295.0       9.0      23.3      53.8     284.6
    1300.0       9.0      23.3      54.1     286.0
    1305.0       9.0      23.4      54.3     287.5
    1310.0       9.0      23.5      54.6     289.0
    1315.0       9.0      23.5      54.9     290.5
    1320.0       9.0      23.6      55.1     291.9
    1325.0       9.1      23.7      55.4     293.4
    1330.0       9.1      23.7      55.6     294.9
    1335.0       9.1      23.8      55.9     296.3
    1340.0       9.1      23.9      56.1     297.8
    1345.0       9.1      23.9      56.4     299.3
    1350.0       9.2      24.0      56.7     300.8
    1355.0       9.2      24.1      56.9     302.3
    1360.0       9.2      24.1      57.2     303.7
    1365.0       9.2      24.2      57.5     305.2
    1370.0       9.2      24.3      57.7     306.7
    1375.0       9.2      24.3      58.0     308.2
    1380.0       9.3      24.4      58.3     309.7
    1385.0       9.3      24.5      58.5     311.2
    1390.0       9.3      24.5      58.8     312.7
    1395.0       9.3      24.6      59.0     314.2
    1400.0       9.3      24.7      59.3     315.7
    1405.0       9.3      24.7      59.6     317.2
    1410.0       9.4      24.8      59.8     318.7
    1415.0       9.4      24.9      60.1     320.2
    1420.0       9.4      24.9      60.4     321.8
    1425.0       9.4      25.0      60.7     323.3
    1430.0       9.4      25.1      60.9     324.8
    1435.0       9.4      25.1      61.2     326.3
    1440.0       9.5      25.2      61.5     327.8
    1445.0       9.5      25.3      61.7     329.3
    1450.0       9.5      25.3      62.0     330.9
    1455.0       9.5      25.4      62.3     332.4
    1460.0       9.5      25.5      62.5     333.9
    1465.0       9.5      25.5      62.8     335.5
    1470.0       9.6      25.6      63.1     337.0
    1475.0       9.6      25.7      63.4     338.5
    1480.0       9.6      25.7      63.6     340.1
    1485.0       9.6      25.8      63.9     341.6
    1490.0       9.6      25.9      64.2     343.1
    1495.0       9.6      25.9      64.4     344.7
    1500.0       9.7      26.0      64.7     346.2
    1505.0       9.7      26.1      65.0     347.8
    1510.0       9.7      26.1      65.3     349.4
    1515.0       9.7      26.2      65.6     350.9
    1520.0       9.7      26.3      65.8     352.5
    1525.0       9.7      26.3      66.1     354.0
    1530.0       9.8      26.4      66.4     355.6
    1535.0       9.8      26.4      66.7     357.1
    1540.0       9.8      26.5      66.9     358.7
    1545.0       9.8      26.6      67.2     360.3
    1550.0       9.8      26.6      67.5     361.8
    1555.0       9.8      26.7      67.8     363.4
    1560.0       9.9      26.8      68.1     365.0
    1565.0       9.9      26.8      68.3     366.6
    1570.0       9.9      26.9      68.6     368.2
    1575.0       9.9      27.0      68.9     369.7
    1580.0       9.9      27.0      69.2     371.3
    1585.0       9.9      27.1      69.5     372.9
    1590.0      10.0      27.2      69.7     374.5
    1595.0      10.0      27.2      70.0     376.1
    1600.0      10.0      27.3      70.3     377.7
    1605.0      10.0      27.4      70.6     379.3
    1610.0      10.0      27.4      70.9     380.9
    1615.0      10.0      27.5      71.2     382.5
    1620.0      10.1      27.6      71.4     384.1
    1625.0      10.1      27.6      71.7     385.7
    1630.0      10.1      27.7      72.0     387.3
    1635.0      10.1      27.8      72.3     388.9
    1640.0      10.1      27.8      72.6     390.5
    1645.0      10.1      27.9      72.9     392.1
    1650.0      10.2      27.9      73.1     393.7
    1655.0      10.2      28.0      73.4     395.3
    1660.0      10.2      28.1      73.7     397.0
    1665.0      10.2      28.1      74.0     398.6
    1670.0      10.2      28.2      74.3     400.2
    1675.0      10.2      28.3      74.6     401.8
    1680.0      10.3      28.3      74.9     403.5
    1685.0      10.3      28.4      75.2     405.1
    1690.0      10.3      28.5      75.5     406.7
    1695.0      10.3      28.5      75.7     408.3
    1700.0      10.3      28.6      76.0     410.0
    1705.0      10.3      28.7      76.3     411.6
    1710.0      10.4      28.7      76.6     413.3
    1715.0      10.4      28.8      76.9     414.9
    1720.0      10.4      28.9      77.2     416.6
    1725.0      10.4      28.9      77.5     418.2
    1730.0      10.4      29.0      77.8     419.9
    1735.0      10.4      29.1      78.1     421.5
    1740.0      10.5      29.1      78.4     423.2
    1745.0      10.5      29.2      78.7     424.8
    1750.0      10.5      29.2      79.0     426.5
    1755.0      10.5      29.3      79.3     428.1
    1760.0      10.5      29.4      79.6     429.8
    1765.0      10.5      29.4      79.9     431.5
    1770.0      10.5      29.5      80.2     433.1
    1775.0      10.6      29.6      80.5     434.8
    1780.0      10.6      29.6      80.7     436.5
    1785.0      10.6      29.7      81.0     438.2
    1790.0      10.6      29.8      81.3     439.8
    1795.0      10.6      29.8      81.6     441.5
    1800.0      10.6      29.9      81.9     443.2
    1805.0      10.7      30.0      82.2     444.9
    1810.0      10.7      30.0      82.5     446.6
    1815.0      10.7      30.1      82.8     448.3
    1820.0      10.7      30.1      83.1     449.9
    1825.0      10.7      30.2      83.4     451.6
    1830.0      10.7      30.3      83.7     453.3
    1835.0      10.8      30.3      84.0     455.0
    1840.0      10.8      30.4      84.3     456.7
    1845.0      10.8      30.5      84.6     458.4
    1850.0      10.8      30.5      84.9     460.1
    1855.0      10.8      30.6      85.3     461.8
    1860.0      10.8      30.7      85.6     463.5
    1865.0      10.8      30.7      85.9     465.3
    1870.0      10.9      30.8      86.2     467.0
    1875.0      10.9      30.8      86.5     468.7
    1880.0      10.9      30.9      86.8     470.4
    1885.0      10.9      31.0      87.1     472.1
    1890.0      10.9      31.0      87.4     473.8
    1895.0      10.9      31.1      87.7     475.5
    1900.0      11.0      31.2      88.0     477.3
    1905.0      11.0      31.2      88.3     479.0
    1910.0      11.0      31.3      88.6     480.7
    1915.0      11.0      31.4      88.9     482.5
    1920.0      11.0      31.4      89.2     484.2
    1925.0      11.0      31.5      89.5     486.0
    1930.0      11.0      31.6      89.8     487.7
    1935.0      11.1      31.6      90.2     489.4
    1940.0      11.1      31.7      90.5     491.2
    1945.0      11.1      31.7      90.8     492.9
    1950.0      11.1      31.8      91.1     494.7
    1955.0      11.1      31.9      91.4     496.4
    1960.0      11.1      31.9      91.7     498.2
    1965.0      11.2      32.0      92.0     499.9
    1970.0      11.2      32.1      92.3     501.7
    1975.0      11.2      32.1      92.6     503.4
    1980.0      11.2      32.2      93.0     505.2
    1985.0      11.2      32.3      93.3     507.0
    1990.0      11.2      32.3      93.6     508.7
    1995.0      11.2      32.4      93.9     510.5
    2495.0      12.7      38.6     127.1     699.6
    2995.0      14.1      44.7     163.9     910.9
    3495.0      15.4      50.7     204.0    1144.1
    3995.0      16.6      56.5     247.3    1398.8
    4495.0      17.9      62.2     293.6    1674.8
    4995.0      19.0      67.9     342.9    1971.7
    5495.0      20.2      73.5     395.0    2288.4
    5995.0      21.3      79.0     449.9    2624.0
    6495.0      22.4      84.5     507.4    2978.1
    6995.0      23.4      89.9     567.6    3350.3
    7495.0      24.5      95.2     630.4    3740.3
    7995.0      25.5     100.5     695.7    4148.0
    8495.0      26.5     105.8     763.5    4573.2
    8995.0      27.5     111.0     833.7    5015.6
    9495.0      28.5     116.2     906.4    5475.1
    9995.0      29.5     121.4     981.3    5951.7
   10495.0      30.5     126.5    1058.7    6445.2
   10995.0      31.4     131.7    1138.3    6955.4
   11495.0      32.4     136.7    1220.2    7482.2
   11995.0      33.3     141.8    1304.3    8025.7
   12495.0      34.2     146.8    1390.6    8585.5
   12995.0      35.2     151.8    1479.2    9161.8
   13495.0      36.1     156.8    1569.9    9754.3
   13995.0      37.0     161.8    1662.8   10363.0
   14495.0      37.9     166.7    1757.8   10987.8
   14995.0      38.8     171.6    1854.9   11628.6
   15495.0      39.7     176.5    1954.1   12285.3
   15995.0      40.5     181.4    2055.3   12958.0
   16495.0      41.4     186.3    2158.7   13646.4
   16995.0      42.3     191.1    2264.0   14350.6
   17495.0      43.1     195.9    2371.4   15070.4
   17995.0      44.0     200.8    2480.8   15805.8
   18495.0      44.8     205.6    2592.2   16556.8
   18995.0      45.7     210.4    2705.5   17323.2
   19495.0      46.5     215.1    2820.9   18105.1
   19995.0      47.4     219.9    2938.1   18902.4
   20495.0      48.2     224.6    3057.3   19714.9
   20995.0      49.0     229.4    3178.5   20542.7
   21495.0      49.8     234.1    3301.5   21385.8
   21995.0      50.6     238.8    3426.4   22243.9
   22495.0      51.5     243.5    3553.2   23117.2
   22995.0      52.3     248.2    3681.9   24005.6
   23495.0      53.1     252.8    3812.5   24908.9
   23995.0      53.9     257.5    3944.9   25827.2
   24495.0      54.7     262.2    4079.1   26760.5
   24995.0      55.5     266.8    4215.2   27708.6
   25495.0      56.2     271.4    4353.1   28671.6
   25995.0      57.0     276.0    4492.8   29649.3
   26495.0      57.8     280.7    4634.3   30641.8
   26995.0      58.6     285.3    4777.5   31649.1
   27495.0      59.4     289.8    4922.6   32671.0
   27995.0      60.1     294.4    5069.4   33707.5
   28495.0      60.9     299.0    5218.0   34758.6
   28995.0      61.7     303.6    5368.3   35824.3
   29495.0      62.4     308.1    5520.4   36904.6
   29995.0      63.2     312.7    5674.2   37999.3
   30495.0      63.9     317.2    5828.7   39099.8
   30995.0      64.7     321.8    5983.1   40200.4
   31495.0      65.4     326.3    6137.6   41300.9
   31995.0      66.2     330.8    6292.1   42401.4
   32495.0      66.9     335.4    6446.6   43501.9
   32995.0      67.7     339.9    6601.1   44602.4
   33495.0      68.5     344.5    6755.6   45702.9
   33995.0      69.2     349.0    6910.1   46803.5
   34495.0      70.0     353.6    7064.5   47904.0
   34995.0      70.7     358.1    7219.0   49004.5
   35495.0      71.5     362.7    7373.5   50105.0
   35995.0      72.2     367.2    7528.0   51205.5
   36495.0      73.0     371.7    7682.5   52306.0
   36995.0      73.7     376.3    7837.0   53406.6
   37495.0      74.5     380.8    7991.4   54507.1
   37995.0      75.3     385.4    8145.9   55607.6
   38495.0      76.0     389.9    8300.4   56708.1
   38995.0      76.8     394.5    8454.9   57808.6
   39495.0      77.5     399.0    8609.4   58909.1
   39995.0      78.3     403.6    8763.9   60009.7
   40495.0      79.0     408.1    8918.4   61110.2
   40995.0      79.8     412.6    9072.8   62210.7
   41495.0      80.5     417.2    9227.3   63311.2
   41995.0      81.3     421.7    9381.8   64411.7
   42495.0      82.0     426.3    9536.3   65512.2
   42995.0      82.8     430.8    9690.8   66612.8
   43495.0      83.6     435.4    9845.3   67713.3
   43995.0      84.3     439.9    9999.7   68813.8
   44495.0      85.1     444.5   10154.2   69914.3
   44995.0      85.8     449.0   10308.7   71014.8
   45495.0      86.6     453.5   10463.2   72115.3
   45995.0      87.3     458.1   10617.7   73215.9
   46495.0      88.1     462.6   10772.2   74316.4
   46995.0      88.8     467.2   10926.6   75416.9
   47495.0      89.6     471.7   11081.1   76517.4
   47995.0      90.3     476.3   11235.6   77617.9
   48495.0      91.1     480.8   11390.1   78718.4
   48995.0      91.9     485.4   11544.6   79819.0
   49495.0      92.6     489.9   11699.1   80919.5
   49995.0      93.4     494.4   11853.6   82020.0
   50495.0      94.1     499.0   12008.0   83120.5
   50995.0      94.9     503.5   12162.5   84221.0
   51495.0      95.6     508.1   12317.0   85321.5
   51995.0      96.4     512.6   12471.5   86422.1
   52495.0      97.1     517.2   12626.0   87522.6
   52995.0      97.9     521.7   12780.5   88623.1
   53495.0      98.6     526.3   12934.9   89723.6
   53995.0      99.4     530.8   13089.4   90824.1
   54495.0     100.2     535.3   13243.9   91924.6
   54995.0     100.9     539.9   13398.4   93025.2
   55495.0     101.7     544.4   13552.9   94125.7
   55995.0     102.4     549.0   13707.4   95226.2
   56495.0     103.2     553.5   13861.8   96326.7
   56995.0     103.9     558.1   14016.3   97427.2
   57495.0     104.7     562.6   14170.8   98527.7
   57995.0     105.4     567.2   14325.3   99628.3
   58495.0     106.2     571.7   14479.8  100728.8
   58995.0     106.9     576.2   14634.3  101829.3
   59495.0     107.7     580.8   14788.8  102929.8
   59995.0     108.5     585.3   14943.2  104030.3
   60495.0     109.2     589.9   15097.7  105130.8
   60995.0     110.0     594.4   15252.2  106231.4
   61495.0     110.7     599.0   15406.7  107331.9
   61995.0     111.5     603.5   15561.2  108432.4
   62495.0     112.2     608.0   15715.7  109532.9
   62995.0     113.0     612.6   15870.1  110633.4
   63495.0     113.7     617.1   16024.6  111733.9
   63995.0     114.5     621.7   16179.1  112834.5
   64495.0     115.3     626.2   16333.6  113935.0
   64995.0     116.0     630.8   16488.1  115035.5
   65495.0     116.8     635.3   16642.6  116136.0
   65995.0     117.5     639.9   16797.1  117236.5
   66495.0     118.3     644.4   16951.5  118337.0
   66995.0     119.0     648.9   17106.0  119437.6
   67495.0     119.8     653.5   17260.5  120538.1
   67995.0     120.5     658.0   17415.0  121638.6
   68495.0     121.3     662.6   17569.5  122739.1
   68995.0     122.0     667.1   17724.0  123839.6
   69495.0     122.8     671.7   17878.4  124940.1
   69995.0     123.6     676.2   18032.9  126040.7
   70495.0     124.3     680.8   18187.4  127141.2
   70995.0     125.1     685.3   18341.9  128241.7
   71495.0     125.8     689.8   18496.4  129342.2
   71995.0     126.6     694.4   18650.9  130442.7
   72495.0     127.3     698.9   18805.3  131543.2
   72995.0     128.1     703.5   18959.8  132643.8
   73495.0     128.8     708.0   19114.3  133744.3
   73995.0     129.6     712.6   19268.8  134844.8
   74495.0     130.3     717.1   19423.3  135945.3
   74995.0     131.1     721.7   19577.8  137045.8
   75495.0     131.9     726.2   19732.3  138146.3
   75995.0     132.6     730.7   19886.7  139246.9
   76495.0     133.4     735.3   20041.2  140347.4
   76995.0     134.1     739.8   20195.7  141447.9
   77495.0     134.9     744.4   20350.2  142548.4
   77995.0     135.6     748.9   20504.7  143648.9
   78495.0     136.4     753.5   20659.2  144749.4
   78995.0     137.1     758.0   20813.6  145850.0
   79495.0     137.9     762.6   20968.1  146950.5
   79995.0     138.6     767.1   21122.6  148051.0
   80495.0     139.4     771.6   21277.1  149151.5
   80995.0     140.2     776.2   21431.6  150252.0
   81495.0     140.9     780.7   21586.1  151352.5
   81995.0     141.7     785.3   21740.5  152453.1
   82495.0     142.4     789.8   21895.0  153553.6
   82995.0     143.2     794.4   22049.5  154654.1
   83495.0     143.9     798.9   22204.0  155754.6
   83995.0     144.7     803.5   22358.5  156855.1
   84495.0     145.4     808.0   22513.0  157955.6
   84995.0     146.2     812.5   22667.5  159056.2
   85495.0     146.9     817.1   22821.9  160156.7
   85995.0     147.7     821.6   22976.4  161257.2
   86495.0     148.5     826.2   23130.9  162357.7
   86995.0     149.2     830.7   23285.4  163458.2
   87495.0     150.0     835.3   23439.9  164558.7
   87995.0     150.7     839.8   23594.4  165659.3
   88495.0     151.5     844.4   23748.8  166759.8
   88995.0     152.2     848.9   23903.3  167860.3
   89495.0     153.0     853.4   24057.8  168960.8
   89995.0     153.7     858.0   24212.3  170061.3
   90495.0     154.5     862.5   24366.8  171161.8
   90995.0     155.2     867.1   24521.3  172262.4
   91495.0     156.0     871.6   24675.7  173362.9
   91995.0     156.8     876.2   24830.2  174463.4
   92495.0     157.5     880.7   24984.7  175563.9
   92995.0     158.3     885.3   25139.2  176664.4
   93495.0     159.0     889.8   25293.7  177764.9
   93995.0     159.8     894.3   25448.2  178865.5
   94495.0     160.5     898.9   25602.7  179966.0
   94995.0     161.3     903.4   25757.1  181066.5
   95495.0     162.0     908.0   25911.6  182167.0
   95995.0     162.8     912.5   26066.1  183267.5
   96495.0     163.6     917.1   26220.6  184368.0
   96995.0     164.3     921.6   26375.1  185468.6
   97495.0     165.1     926.2   26529.6  186569.1
   97995.0     165.8     930.7   26684.0  187669.6
   98495.0     166.6     935.2   26838.5  188770.1
   98995.0     167.3     939.8   26993.0  189870.6
   99495.0     168.1     944.3   27147.5  190971.1
