# Characteristic  Pathlengths (in Angstroem) for Electron Transport in Ni
#
# ener(eV)      EMFP      IMFP     TRMFP      LNRG   
       5.0       0.6      53.9       0.7       0.1
      10.0       1.2      31.4       1.0       0.1
      15.0       2.8      19.7       2.0       0.1
      20.0       3.9      14.2       3.0       0.1
      25.0       4.3      11.7       3.7       0.1
      30.0       4.2      10.1       4.2       0.1
      35.0       4.0       8.9       4.4       0.1
      40.0       3.7       8.0       4.5       0.1
      45.0       3.4       7.4       4.6       1.4
      50.0       3.2       6.9       4.6       2.7
      55.0       3.1       6.5       4.6       3.9
      60.0       2.9       6.4       4.5       5.0
      65.0       2.8       6.1       4.5       6.0
      70.0       2.8       5.9       4.5       7.0
      75.0       2.7       5.8       4.5       7.9
      80.0       2.7       5.7       4.6       8.8
      85.0       2.6       5.6       4.6       9.7
      90.0       2.6       5.6       4.6      10.5
      95.0       2.6       5.6       4.7      11.4
     100.0       2.6       5.6       4.7      12.2
     105.0       2.6       5.5       4.8      12.9
     110.0       2.6       5.6       4.9      13.7
     115.0       2.6       5.6       4.9      14.4
     120.0       2.6       5.6       5.0      15.2
     125.0       2.6       5.6       5.1      15.9
     130.0       2.6       5.7       5.2      16.6
     135.0       2.6       5.7       5.3      17.3
     140.0       2.6       5.7       5.4      18.0
     145.0       2.6       5.8       5.5      18.6
     150.0       2.6       5.8       5.6      19.3
     155.0       2.7       5.8       5.7      20.0
     160.0       2.7       5.9       5.8      20.6
     165.0       2.7       5.9       5.9      21.2
     170.0       2.7       5.9       6.0      21.9
     175.0       2.7       6.0       6.1      22.5
     180.0       2.8       6.0       6.2      23.1
     185.0       2.8       6.0       6.3      23.8
     190.0       2.8       6.1       6.4      24.4
     195.0       2.8       6.1       6.5      25.0
     200.0       2.9       6.2       6.7      25.6
     205.0       2.9       6.2       6.8      26.3
     210.0       2.9       6.3       6.9      26.9
     215.0       2.9       6.3       7.0      27.5
     220.0       2.9       6.4       7.2      28.1
     225.0       3.0       6.4       7.3      28.7
     230.0       3.0       6.5       7.4      29.3
     235.0       3.0       6.5       7.5      29.9
     240.0       3.0       6.6       7.7      30.5
     245.0       3.1       6.6       7.8      31.1
     250.0       3.1       6.7       7.9      31.8
     255.0       3.1       6.7       8.0      32.4
     260.0       3.1       6.8       8.2      33.0
     265.0       3.2       6.8       8.3      33.6
     270.0       3.2       6.9       8.5      34.2
     275.0       3.2       6.9       8.6      34.8
     280.0       3.2       7.0       8.7      35.4
     285.0       3.3       7.1       8.9      36.0
     290.0       3.3       7.1       9.0      36.6
     295.0       3.3       7.2       9.1      37.2
     300.0       3.3       7.2       9.3      37.9
     305.0       3.4       7.3       9.4      38.5
     310.0       3.4       7.3       9.6      39.1
     315.0       3.4       7.4       9.7      39.7
     320.0       3.4       7.5       9.9      40.3
     325.0       3.5       7.5      10.0      40.9
     330.0       3.5       7.6      10.1      41.6
     335.0       3.5       7.6      10.3      42.2
     340.0       3.5       7.7      10.4      42.8
     345.0       3.5       7.7      10.6      43.4
     350.0       3.6       7.8      10.7      44.0
     355.0       3.6       7.9      10.9      44.7
     360.0       3.6       7.9      11.0      45.3
     365.0       3.6       8.0      11.2      45.9
     370.0       3.7       8.0      11.3      46.5
     375.0       3.7       8.1      11.5      47.2
     380.0       3.7       8.2      11.7      47.8
     385.0       3.7       8.2      11.8      48.4
     390.0       3.8       8.3      12.0      49.1
     395.0       3.8       8.3      12.1      49.7
     400.0       3.8       8.4      12.3      50.4
     405.0       3.8       8.4      12.4      51.0
     410.0       3.8       8.5      12.6      51.6
     415.0       3.9       8.6      12.8      52.3
     420.0       3.9       8.6      12.9      52.9
     425.0       3.9       8.7      13.1      53.6
     430.0       3.9       8.7      13.2      54.2
     435.0       4.0       8.8      13.4      54.9
     440.0       4.0       8.9      13.6      55.5
     445.0       4.0       8.9      13.7      56.2
     450.0       4.0       9.0      13.9      56.8
     455.0       4.0       9.0      14.1      57.5
     460.0       4.1       9.1      14.2      58.1
     465.0       4.1       9.2      14.4      58.8
     470.0       4.1       9.2      14.6      59.5
     475.0       4.1       9.3      14.7      60.1
     480.0       4.2       9.3      14.9      60.8
     485.0       4.2       9.4      15.1      61.5
     490.0       4.2       9.4      15.2      62.1
     495.0       4.2       9.5      15.4      62.8
     500.0       4.2       9.6      15.6      63.5
     505.0       4.3       9.6      15.8      64.2
     510.0       4.3       9.7      15.9      64.8
     515.0       4.3       9.7      16.1      65.5
     520.0       4.3       9.8      16.3      66.2
     525.0       4.3       9.9      16.4      66.9
     530.0       4.4       9.9      16.6      67.6
     535.0       4.4      10.0      16.8      68.3
     540.0       4.4      10.0      17.0      69.0
     545.0       4.4      10.1      17.2      69.6
     550.0       4.4      10.2      17.3      70.3
     555.0       4.5      10.2      17.5      71.0
     560.0       4.5      10.3      17.7      71.7
     565.0       4.5      10.3      17.9      72.4
     570.0       4.5      10.4      18.1      73.1
     575.0       4.5      10.4      18.2      73.8
     580.0       4.6      10.5      18.4      74.6
     585.0       4.6      10.6      18.6      75.3
     590.0       4.6      10.6      18.8      76.0
     595.0       4.6      10.7      19.0      76.7
     600.0       4.6      10.7      19.2      77.4
     605.0       4.7      10.8      19.3      78.1
     610.0       4.7      10.9      19.5      78.8
     615.0       4.7      10.9      19.7      79.6
     620.0       4.7      11.0      19.9      80.3
     625.0       4.7      11.0      20.1      81.0
     630.0       4.8      11.1      20.3      81.7
     635.0       4.8      11.2      20.5      82.5
     640.0       4.8      11.2      20.7      83.2
     645.0       4.8      11.3      20.9      83.9
     650.0       4.8      11.3      21.0      84.7
     655.0       4.9      11.4      21.2      85.4
     660.0       4.9      11.4      21.4      86.2
     665.0       4.9      11.5      21.6      86.9
     670.0       4.9      11.6      21.8      87.7
     675.0       4.9      11.6      22.0      88.4
     680.0       4.9      11.7      22.2      89.2
     685.0       5.0      11.7      22.4      89.9
     690.0       5.0      11.8      22.6      90.7
     695.0       5.0      11.8      22.8      91.4
     700.0       5.0      11.9      23.0      92.2
     705.0       5.0      12.0      23.2      92.9
     710.0       5.1      12.0      23.4      93.7
     715.0       5.1      12.1      23.6      94.5
     720.0       5.1      12.1      23.8      95.2
     725.0       5.1      12.2      24.0      96.0
     730.0       5.1      12.3      24.2      96.8
     735.0       5.2      12.3      24.4      97.6
     740.0       5.2      12.4      24.6      98.3
     745.0       5.2      12.4      24.8      99.1
     750.0       5.2      12.5      25.0      99.9
     755.0       5.2      12.5      25.2     100.7
     760.0       5.2      12.6      25.4     101.5
     765.0       5.3      12.7      25.6     102.3
     770.0       5.3      12.7      25.8     103.1
     775.0       5.3      12.8      26.0     103.8
     780.0       5.3      12.8      26.2     104.6
     785.0       5.3      12.9      26.5     105.4
     790.0       5.4      12.9      26.7     106.2
     795.0       5.4      13.0      26.9     107.0
     800.0       5.4      13.1      27.1     107.9
     805.0       5.4      13.1      27.3     108.7
     810.0       5.4      13.2      27.5     109.5
     815.0       5.4      13.2      27.7     110.3
     820.0       5.5      13.3      27.9     111.1
     825.0       5.5      13.3      28.1     111.9
     830.0       5.5      13.4      28.3     112.7
     835.0       5.5      13.5      28.6     113.6
     840.0       5.5      13.5      28.8     114.4
     845.0       5.5      13.6      29.0     115.2
     850.0       5.6      13.6      29.2     116.0
     855.0       5.6      13.7      29.4     116.9
     860.0       5.6      13.7      29.6     117.7
     865.0       5.6      13.8      29.9     118.5
     870.0       5.6      13.9      30.1     119.4
     875.0       5.6      13.9      30.3     120.2
     880.0       5.7      14.0      30.5     121.0
     885.0       5.7      14.0      30.7     121.9
     890.0       5.7      14.1      31.0     122.7
     895.0       5.7      14.1      31.2     123.6
     900.0       5.7      14.2      31.4     124.4
     905.0       5.7      14.2      31.6     125.3
     910.0       5.8      14.3      31.8     126.1
     915.0       5.8      14.4      32.1     127.0
     920.0       5.8      14.4      32.3     127.9
     925.0       5.8      14.5      32.5     128.7
     930.0       5.8      14.5      32.7     129.6
     935.0       5.8      14.6      33.0     130.5
     940.0       5.9      14.6      33.2     131.3
     945.0       5.9      14.7      33.4     132.2
     950.0       5.9      14.8      33.6     133.1
     955.0       5.9      14.8      33.9     133.9
     960.0       5.9      14.9      34.1     134.8
     965.0       5.9      14.9      34.3     135.7
     970.0       6.0      15.0      34.6     136.6
     975.0       6.0      15.0      34.8     137.5
     980.0       6.0      15.1      35.0     138.4
     985.0       6.0      15.1      35.2     139.3
     990.0       6.0      15.2      35.5     140.1
     995.0       6.0      15.3      35.7     141.0
    1000.0       6.1      15.3      35.9     141.9
    1005.0       6.1      15.4      36.2     142.9
    1010.0       6.1      15.4      36.4     143.8
    1015.0       6.1      15.5      36.7     144.7
    1020.0       6.1      15.5      36.9     145.6
    1025.0       6.1      15.6      37.1     146.5
    1030.0       6.2      15.6      37.4     147.4
    1035.0       6.2      15.7      37.6     148.3
    1040.0       6.2      15.8      37.8     149.3
    1045.0       6.2      15.8      38.1     150.2
    1050.0       6.2      15.9      38.3     151.1
    1055.0       6.2      15.9      38.5     152.0
    1060.0       6.3      16.0      38.8     153.0
    1065.0       6.3      16.0      39.0     153.9
    1070.0       6.3      16.1      39.3     154.9
    1075.0       6.3      16.1      39.5     155.8
    1080.0       6.3      16.2      39.7     156.7
    1085.0       6.3      16.3      40.0     157.7
    1090.0       6.4      16.3      40.2     158.6
    1095.0       6.4      16.4      40.5     159.5
    1100.0       6.4      16.4      40.7     160.5
    1105.0       6.4      16.5      41.0     161.5
    1110.0       6.4      16.5      41.2     162.4
    1115.0       6.4      16.6      41.5     163.4
    1120.0       6.4      16.6      41.7     164.3
    1125.0       6.5      16.7      41.9     165.3
    1130.0       6.5      16.8      42.2     166.3
    1135.0       6.5      16.8      42.4     167.2
    1140.0       6.5      16.9      42.7     168.2
    1145.0       6.5      16.9      42.9     169.1
    1150.0       6.5      17.0      43.2     170.1
    1155.0       6.6      17.0      43.4     171.1
    1160.0       6.6      17.1      43.7     172.1
    1165.0       6.6      17.1      43.9     173.1
    1170.0       6.6      17.2      44.2     174.0
    1175.0       6.6      17.2      44.4     175.0
    1180.0       6.6      17.3      44.7     176.0
    1185.0       6.7      17.4      44.9     177.0
    1190.0       6.7      17.4      45.2     178.0
    1195.0       6.7      17.5      45.4     179.0
    1200.0       6.7      17.5      45.7     180.0
    1205.0       6.7      17.6      45.9     181.0
    1210.0       6.7      17.6      46.2     182.0
    1215.0       6.7      17.7      46.5     183.0
    1220.0       6.8      17.7      46.7     184.0
    1225.0       6.8      17.8      47.0     185.0
    1230.0       6.8      17.8      47.2     186.0
    1235.0       6.8      17.9      47.5     187.0
    1240.0       6.8      18.0      47.7     188.0
    1245.0       6.8      18.0      48.0     189.0
    1250.0       6.9      18.1      48.3     190.0
    1255.0       6.9      18.1      48.5     191.1
    1260.0       6.9      18.2      48.8     192.1
    1265.0       6.9      18.2      49.0     193.1
    1270.0       6.9      18.3      49.3     194.2
    1275.0       6.9      18.3      49.6     195.2
    1280.0       6.9      18.4      49.8     196.2
    1285.0       7.0      18.4      50.1     197.2
    1290.0       7.0      18.5      50.4     198.3
    1295.0       7.0      18.5      50.6     199.3
    1300.0       7.0      18.6      50.9     200.3
    1305.0       7.0      18.7      51.1     201.4
    1310.0       7.0      18.7      51.4     202.4
    1315.0       7.0      18.8      51.7     203.5
    1320.0       7.1      18.8      51.9     204.5
    1325.0       7.1      18.9      52.2     205.6
    1330.0       7.1      18.9      52.5     206.6
    1335.0       7.1      19.0      52.7     207.7
    1340.0       7.1      19.0      53.0     208.7
    1345.0       7.1      19.1      53.3     209.8
    1350.0       7.2      19.1      53.6     210.9
    1355.0       7.2      19.2      53.8     211.9
    1360.0       7.2      19.2      54.1     213.0
    1365.0       7.2      19.3      54.4     214.1
    1370.0       7.2      19.4      54.6     215.2
    1375.0       7.2      19.4      54.9     216.2
    1380.0       7.2      19.5      55.2     217.3
    1385.0       7.3      19.5      55.5     218.4
    1390.0       7.3      19.6      55.7     219.5
    1395.0       7.3      19.6      56.0     220.5
    1400.0       7.3      19.7      56.3     221.6
    1405.0       7.3      19.7      56.6     222.7
    1410.0       7.3      19.8      56.8     223.8
    1415.0       7.3      19.8      57.1     224.9
    1420.0       7.4      19.9      57.4     226.0
    1425.0       7.4      19.9      57.7     227.1
    1430.0       7.4      20.0      57.9     228.2
    1435.0       7.4      20.1      58.2     229.3
    1440.0       7.4      20.1      58.5     230.4
    1445.0       7.4      20.2      58.8     231.5
    1450.0       7.4      20.2      59.0     232.6
    1455.0       7.5      20.3      59.3     233.7
    1460.0       7.5      20.3      59.6     234.8
    1465.0       7.5      20.4      59.9     236.0
    1470.0       7.5      20.4      60.2     237.1
    1475.0       7.5      20.5      60.5     238.2
    1480.0       7.5      20.5      60.7     239.3
    1485.0       7.5      20.6      61.0     240.4
    1490.0       7.6      20.6      61.3     241.6
    1495.0       7.6      20.7      61.6     242.7
    1500.0       7.6      20.7      61.9     243.8
    1505.0       7.6      20.8      62.1     245.0
    1510.0       7.6      20.8      62.4     246.1
    1515.0       7.6      20.9      62.7     247.2
    1520.0       7.6      21.0      63.0     248.4
    1525.0       7.7      21.0      63.3     249.5
    1530.0       7.7      21.1      63.6     250.7
    1535.0       7.7      21.1      63.9     251.8
    1540.0       7.7      21.2      64.2     252.9
    1545.0       7.7      21.2      64.4     254.1
    1550.0       7.7      21.3      64.7     255.2
    1555.0       7.7      21.3      65.0     256.4
    1560.0       7.8      21.4      65.3     257.6
    1565.0       7.8      21.4      65.6     258.7
    1570.0       7.8      21.5      65.9     259.9
    1575.0       7.8      21.5      66.2     261.1
    1580.0       7.8      21.6      66.5     262.2
    1585.0       7.8      21.6      66.8     263.4
    1590.0       7.8      21.7      67.1     264.5
    1595.0       7.9      21.7      67.4     265.7
    1600.0       7.9      21.8      67.6     266.9
    1605.0       7.9      21.8      67.9     268.1
    1610.0       7.9      21.9      68.2     269.3
    1615.0       7.9      22.0      68.5     270.5
    1620.0       7.9      22.0      68.8     271.6
    1625.0       7.9      22.1      69.1     272.8
    1630.0       8.0      22.1      69.4     274.0
    1635.0       8.0      22.2      69.7     275.2
    1640.0       8.0      22.2      70.0     276.4
    1645.0       8.0      22.3      70.3     277.6
    1650.0       8.0      22.3      70.6     278.8
    1655.0       8.0      22.4      70.9     280.0
    1660.0       8.0      22.4      71.2     281.2
    1665.0       8.1      22.5      71.5     282.4
    1670.0       8.1      22.5      71.8     283.6
    1675.0       8.1      22.6      72.1     284.8
    1680.0       8.1      22.6      72.4     286.0
    1685.0       8.1      22.7      72.7     287.2
    1690.0       8.1      22.7      73.0     288.4
    1695.0       8.1      22.8      73.3     289.6
    1700.0       8.2      22.8      73.6     290.9
    1705.0       8.2      22.9      73.9     292.1
    1710.0       8.2      22.9      74.2     293.3
    1715.0       8.2      23.0      74.5     294.5
    1720.0       8.2      23.1      74.8     295.8
    1725.0       8.2      23.1      75.1     297.0
    1730.0       8.2      23.2      75.5     298.2
    1735.0       8.2      23.2      75.8     299.5
    1740.0       8.3      23.3      76.1     300.7
    1745.0       8.3      23.3      76.4     301.9
    1750.0       8.3      23.4      76.7     303.2
    1755.0       8.3      23.4      77.0     304.4
    1760.0       8.3      23.5      77.3     305.7
    1765.0       8.3      23.5      77.6     306.9
    1770.0       8.3      23.6      77.9     308.1
    1775.0       8.4      23.6      78.2     309.4
    1780.0       8.4      23.7      78.5     310.6
    1785.0       8.4      23.7      78.9     311.9
    1790.0       8.4      23.8      79.2     313.1
    1795.0       8.4      23.8      79.5     314.4
    1800.0       8.4      23.9      79.8     315.6
    1805.0       8.4      23.9      80.1     316.9
    1810.0       8.5      24.0      80.4     318.2
    1815.0       8.5      24.0      80.7     319.4
    1820.0       8.5      24.1      81.0     320.7
    1825.0       8.5      24.1      81.4     322.0
    1830.0       8.5      24.2      81.7     323.2
    1835.0       8.5      24.2      82.0     324.5
    1840.0       8.5      24.3      82.3     325.8
    1845.0       8.5      24.3      82.6     327.0
    1850.0       8.6      24.4      82.9     328.3
    1855.0       8.6      24.4      83.3     329.6
    1860.0       8.6      24.5      83.6     330.9
    1865.0       8.6      24.5      83.9     332.2
    1870.0       8.6      24.6      84.2     333.5
    1875.0       8.6      24.6      84.5     334.7
    1880.0       8.6      24.7      84.9     336.0
    1885.0       8.7      24.7      85.2     337.3
    1890.0       8.7      24.8      85.5     338.6
    1895.0       8.7      24.8      85.8     339.9
    1900.0       8.7      24.9      86.1     341.2
    1905.0       8.7      25.0      86.5     342.5
    1910.0       8.7      25.0      86.8     343.8
    1915.0       8.7      25.1      87.1     345.1
    1920.0       8.8      25.1      87.4     346.4
    1925.0       8.8      25.2      87.8     347.7
    1930.0       8.8      25.2      88.1     349.0
    1935.0       8.8      25.3      88.4     350.3
    1940.0       8.8      25.3      88.7     351.6
    1945.0       8.8      25.4      89.0     352.9
    1950.0       8.8      25.4      89.4     354.2
    1955.0       8.8      25.5      89.7     355.6
    1960.0       8.9      25.5      90.0     356.9
    1965.0       8.9      25.6      90.4     358.2
    1970.0       8.9      25.6      90.7     359.5
    1975.0       8.9      25.7      91.0     360.8
    1980.0       8.9      25.7      91.3     362.2
    1985.0       8.9      25.8      91.7     363.5
    1990.0       8.9      25.8      92.0     364.8
    1995.0       9.0      25.9      92.3     366.1
    2495.0      10.2      30.8     127.6     508.8
    2995.0      11.5      35.7     167.0     668.3
    3495.0      12.7      40.4     210.4     844.1
    3995.0      13.8      45.0     257.6    1035.8
    4495.0      14.9      49.6     308.6    1243.3
    4995.0      16.0      54.1     363.1    1466.3
    5495.0      17.1      58.5     421.2    1704.6
    5995.0      18.1      62.9     482.7    1958.0
    6495.0      19.2      67.2     547.5    2226.3
    6995.0      20.2      71.5     615.8    2509.5
    7495.0      21.2      75.7     687.2    2807.3
    7995.0      22.2      80.0     761.9    3119.6
    8495.0      23.2      84.2     839.8    3446.3
    8995.0      24.2      88.3     920.8    3787.2
    9495.0      25.1      92.4    1004.9    4142.3
    9995.0      26.1      96.5    1092.1    4511.5
   10495.0      27.1     100.6    1182.4    4894.6
   10995.0      28.0     104.7    1275.6    5291.5
   11495.0      29.0     108.7    1371.8    5702.2
   11995.0      29.9     112.7    1471.0    6126.6
   12495.0      30.8     116.7    1573.1    6564.5
   12995.0      31.8     120.7    1678.0    7016.0
   13495.0      32.7     124.6    1785.9    7480.9
   13995.0      33.6     128.6    1896.6    7959.1
   14495.0      34.5     132.5    2010.1    8450.7
   14995.0      35.4     136.4    2126.4    8955.4
   15495.0      36.3     140.3    2245.6    9473.4
   15995.0      37.2     144.2    2367.4   10004.4
   16495.0      38.1     148.0    2492.1   10548.5
   16995.0      39.0     151.9    2619.4   11105.5
   17495.0      39.9     155.7    2749.4   11675.5
   17995.0      40.7     159.5    2882.2   12258.2
   18495.0      41.6     163.3    3017.6   12853.6
   18995.0      42.5     167.1    3155.6   13461.6
   19495.0      43.3     170.9    3296.3   14082.2
   19995.0      44.2     174.7    3439.6   14715.3
   20495.0      45.1     178.4    3585.5   15360.9
   20995.0      45.9     182.2    3734.0   16018.8
   21495.0      46.8     185.9    3885.0   16689.1
   21995.0      47.6     189.7    4038.6   17371.6
   22495.0      48.5     193.4    4194.8   18066.4
   22995.0      49.3     197.1    4353.4   18773.4
   23495.0      50.2     200.8    4514.6   19492.6
   23995.0      51.0     204.5    4678.3   20223.8
   24495.0      51.8     208.2    4844.4   20967.2
   24995.0      52.6     211.9    5013.0   21722.6
   25495.0      53.5     215.6    5184.0   22490.0
   25995.0      54.3     219.2    5357.5   23269.4
   26495.0      55.1     222.9    5533.4   24060.7
   26995.0      55.9     226.5    5711.8   24863.9
   27495.0      56.7     230.2    5892.5   25679.0
   27995.0      57.6     233.8    6075.6   26505.9
   28495.0      58.4     237.4    6261.1   27344.6
   28995.0      59.2     241.0    6448.9   28195.1
   29495.0      60.0     244.6    6639.1   29057.3
   29995.0      60.8     248.3    6831.7   29931.3
   30495.0      61.6     251.9    7025.1   30809.9
   30995.0      62.4     255.5    7218.6   31688.5
   31495.0      63.2     259.1    7412.1   32567.1
   31995.0      64.0     262.7    7605.5   33445.7
   32495.0      64.8     266.3    7799.0   34324.3
   32995.0      65.6     269.9    7992.4   35203.0
   33495.0      66.3     273.5    8185.9   36081.6
   33995.0      67.1     277.1    8379.4   36960.2
   34495.0      67.9     280.7    8572.8   37838.8
   34995.0      68.7     284.3    8766.3   38717.4
   35495.0      69.5     287.9    8959.8   39596.1
   35995.0      70.3     291.5    9153.2   40474.7
   36495.0      71.1     295.1    9346.7   41353.3
   36995.0      71.9     298.7    9540.1   42231.9
   37495.0      72.7     302.3    9733.6   43110.5
   37995.0      73.5     305.9    9927.1   43989.1
   38495.0      74.3     309.5   10120.5   44867.8
   38995.0      75.1     313.1   10314.0   45746.4
   39495.0      75.9     316.7   10507.5   46625.0
   39995.0      76.7     320.3   10700.9   47503.6
   40495.0      77.5     323.9   10894.4   48382.2
   40995.0      78.3     327.5   11087.8   49260.9
   41495.0      79.1     331.1   11281.3   50139.5
   41995.0      79.9     334.7   11474.8   51018.1
   42495.0      80.7     338.3   11668.2   51896.7
   42995.0      81.5     341.9   11861.7   52775.3
   43495.0      82.3     345.5   12055.2   53653.9
   43995.0      83.1     349.1   12248.6   54532.6
   44495.0      83.9     352.7   12442.1   55411.2
   44995.0      84.7     356.3   12635.6   56289.8
   45495.0      85.5     359.9   12829.0   57168.4
   45995.0      86.3     363.5   13022.5   58047.0
   46495.0      87.1     367.1   13215.9   58925.7
   46995.0      87.9     370.7   13409.4   59804.3
   47495.0      88.7     374.3   13602.9   60682.9
   47995.0      89.5     377.9   13796.3   61561.5
   48495.0      90.3     381.5   13989.8   62440.1
   48995.0      91.1     385.1   14183.3   63318.7
   49495.0      91.9     388.8   14376.7   64197.4
   49995.0      92.7     392.4   14570.2   65076.0
   50495.0      93.5     396.0   14763.6   65954.6
   50995.0      94.2     399.6   14957.1   66833.2
   51495.0      95.0     403.2   15150.6   67711.8
   51995.0      95.8     406.8   15344.0   68590.5
   52495.0      96.6     410.4   15537.5   69469.1
   52995.0      97.4     414.0   15731.0   70347.7
   53495.0      98.2     417.6   15924.4   71226.3
   53995.0      99.0     421.2   16117.9   72104.9
   54495.0      99.8     424.8   16311.3   72983.6
   54995.0     100.6     428.4   16504.8   73862.2
   55495.0     101.4     432.0   16698.3   74740.8
   55995.0     102.2     435.6   16891.7   75619.4
   56495.0     103.0     439.2   17085.2   76498.0
   56995.0     103.8     442.8   17278.7   77376.6
   57495.0     104.6     446.4   17472.1   78255.3
   57995.0     105.4     450.0   17665.6   79133.9
   58495.0     106.2     453.6   17859.1   80012.5
   58995.0     107.0     457.2   18052.5   80891.1
   59495.0     107.8     460.8   18246.0   81769.7
   59995.0     108.6     464.4   18439.4   82648.4
   60495.0     109.4     468.0   18632.9   83527.0
   60995.0     110.2     471.6   18826.4   84405.6
   61495.0     111.0     475.2   19019.8   85284.2
   61995.0     111.8     478.8   19213.3   86162.8
   62495.0     112.6     482.4   19406.8   87041.4
   62995.0     113.4     486.0   19600.2   87920.1
   63495.0     114.2     489.6   19793.7   88798.7
   63995.0     115.0     493.2   19987.1   89677.3
   64495.0     115.8     496.8   20180.6   90555.9
   64995.0     116.6     500.4   20374.1   91434.5
   65495.0     117.4     504.0   20567.5   92313.2
   65995.0     118.2     507.6   20761.0   93191.8
   66495.0     119.0     511.2   20954.5   94070.4
   66995.0     119.8     514.8   21147.9   94949.0
   67495.0     120.6     518.4   21341.4   95827.6
   67995.0     121.4     522.0   21534.8   96706.2
   68495.0     122.2     525.6   21728.3   97584.9
   68995.0     122.9     529.3   21921.8   98463.5
   69495.0     123.7     532.9   22115.2   99342.1
   69995.0     124.5     536.5   22308.7  100220.7
   70495.0     125.3     540.1   22502.2  101099.3
   70995.0     126.1     543.7   22695.6  101978.0
   71495.0     126.9     547.3   22889.1  102856.6
   71995.0     127.7     550.9   23082.6  103735.2
   72495.0     128.5     554.5   23276.0  104613.8
   72995.0     129.3     558.1   23469.5  105492.4
   73495.0     130.1     561.7   23662.9  106371.0
   73995.0     130.9     565.3   23856.4  107249.7
   74495.0     131.7     568.9   24049.9  108128.3
   74995.0     132.5     572.5   24243.3  109006.9
   75495.0     133.3     576.1   24436.8  109885.5
   75995.0     134.1     579.7   24630.3  110764.1
   76495.0     134.9     583.3   24823.7  111642.8
   76995.0     135.7     586.9   25017.2  112521.4
   77495.0     136.5     590.5   25210.6  113400.0
   77995.0     137.3     594.1   25404.1  114278.6
   78495.0     138.1     597.7   25597.6  115157.2
   78995.0     138.9     601.3   25791.0  116035.8
   79495.0     139.7     604.9   25984.5  116914.5
   79995.0     140.5     608.5   26178.0  117793.1
   80495.0     141.3     612.1   26371.4  118671.7
   80995.0     142.1     615.7   26564.9  119550.3
   81495.0     142.9     619.3   26758.3  120428.9
   81995.0     143.7     622.9   26951.8  121307.6
   82495.0     144.5     626.5   27145.3  122186.2
   82995.0     145.3     630.1   27338.7  123064.8
   83495.0     146.1     633.7   27532.2  123943.4
   83995.0     146.9     637.3   27725.7  124822.0
   84495.0     147.7     640.9   27919.1  125700.7
   84995.0     148.5     644.5   28112.6  126579.3
   85495.0     149.3     648.1   28306.1  127457.9
   85995.0     150.1     651.7   28499.5  128336.5
   86495.0     150.8     655.3   28693.0  129215.1
   86995.0     151.6     658.9   28886.4  130093.7
   87495.0     152.4     662.5   29079.9  130972.4
   87995.0     153.2     666.1   29273.4  131851.0
   88495.0     154.0     669.8   29466.8  132729.6
   88995.0     154.8     673.4   29660.3  133608.2
   89495.0     155.6     677.0   29853.8  134486.8
   89995.0     156.4     680.6   30047.2  135365.5
   90495.0     157.2     684.2   30240.7  136244.1
   90995.0     158.0     687.8   30434.1  137122.7
   91495.0     158.8     691.4   30627.6  138001.3
   91995.0     159.6     695.0   30821.1  138879.9
   92495.0     160.4     698.6   31014.5  139758.5
   92995.0     161.2     702.2   31208.0  140637.2
   93495.0     162.0     705.8   31401.5  141515.8
   93995.0     162.8     709.4   31594.9  142394.4
   94495.0     163.6     713.0   31788.4  143273.0
   94995.0     164.4     716.6   31981.8  144151.6
   95495.0     165.2     720.2   32175.3  145030.3
   95995.0     166.0     723.8   32368.8  145908.9
   96495.0     166.8     727.4   32562.2  146787.5
   96995.0     167.6     731.0   32755.7  147666.1
   97495.0     168.4     734.6   32949.2  148544.7
   97995.0     169.2     738.2   33142.6  149423.3
   98495.0     170.0     741.8   33336.1  150302.0
   98995.0     170.8     745.4   33529.5  151180.6
   99495.0     171.6     749.0   33723.0  152059.2
