# Characteristic  Pathlengths (in Angstroem) for Electron Transport in Os
#
# ener(eV)      EMFP      IMFP     TRMFP      LNRG   
       5.0       1.5      88.4       1.3       0.1
      10.0       2.3      62.4       2.1       0.1
      15.0       2.3      35.8       2.4       0.1
      20.0       2.0      24.5       2.4       0.1
      25.0       1.8      19.1       2.5       0.1
      30.0       1.6      16.2       2.5       0.1
      35.0       1.5      14.4       2.6       0.1
      40.0       1.4      13.0       2.8       0.1
      45.0       1.3      11.6       3.1       1.3
      50.0       1.3      10.2       3.4       2.4
      55.0       1.3       8.9       3.8       3.4
      60.0       1.3       7.8       4.2       4.2
      65.0       1.3       7.0       4.6       5.0
      70.0       1.3       6.4       5.1       5.8
      75.0       1.3       6.1       5.6       6.5
      80.0       1.3       5.8       6.2       7.2
      85.0       1.3       5.6       6.7       7.8
      90.0       1.4       5.4       7.3       8.5
      95.0       1.4       5.3       7.8       9.1
     100.0       1.4       5.2       8.3       9.6
     105.0       1.4       5.1       8.9      10.2
     110.0       1.4       5.0       9.3      10.8
     115.0       1.4       5.0       9.8      11.3
     120.0       1.5       5.0      10.2      11.8
     125.0       1.5       4.9      10.6      12.4
     130.0       1.5       4.9      11.0      12.9
     135.0       1.5       4.9      11.3      13.4
     140.0       1.6       4.9      11.5      13.9
     145.0       1.6       4.9      11.8      14.5
     150.0       1.6       5.0      12.0      15.0
     155.0       1.6       5.0      12.1      15.5
     160.0       1.7       5.0      12.2      16.0
     165.0       1.7       5.0      12.3      16.5
     170.0       1.7       5.1      12.4      17.0
     175.0       1.8       5.1      12.5      17.5
     180.0       1.8       5.1      12.5      18.0
     185.0       1.8       5.2      12.5      18.5
     190.0       1.8       5.2      12.5      19.0
     195.0       1.9       5.2      12.5      19.5
     200.0       1.9       5.3      12.5      20.1
     205.0       1.9       5.3      12.5      20.6
     210.0       2.0       5.4      12.4      21.1
     215.0       2.0       5.4      12.4      21.6
     220.0       2.0       5.5      12.4      22.1
     225.0       2.0       5.5      12.3      22.6
     230.0       2.1       5.6      12.3      23.1
     235.0       2.1       5.6      12.3      23.6
     240.0       2.1       5.7      12.2      24.1
     245.0       2.2       5.7      12.2      24.7
     250.0       2.2       5.8      12.2      25.2
     255.0       2.2       5.8      12.1      25.7
     260.0       2.3       5.9      12.1      26.2
     265.0       2.3       5.9      12.1      26.7
     270.0       2.3       6.0      12.1      27.3
     275.0       2.3       6.0      12.0      27.8
     280.0       2.4       6.1      12.0      28.3
     285.0       2.4       6.2      12.0      28.8
     290.0       2.4       6.2      12.0      29.4
     295.0       2.5       6.3      12.0      29.9
     300.0       2.5       6.3      12.0      30.4
     305.0       2.5       6.4      12.0      30.9
     310.0       2.5       6.4      11.9      31.5
     315.0       2.6       6.5      11.9      32.0
     320.0       2.6       6.5      11.9      32.5
     325.0       2.6       6.6      11.9      33.1
     330.0       2.6       6.6      11.9      33.6
     335.0       2.7       6.7      11.9      34.1
     340.0       2.7       6.7      12.0      34.7
     345.0       2.7       6.8      12.0      35.2
     350.0       2.7       6.8      12.0      35.8
     355.0       2.8       6.9      12.0      36.3
     360.0       2.8       6.9      12.0      36.9
     365.0       2.8       7.0      12.0      37.4
     370.0       2.8       7.0      12.0      38.0
     375.0       2.9       7.1      12.0      38.5
     380.0       2.9       7.2      12.1      39.1
     385.0       2.9       7.2      12.1      39.6
     390.0       2.9       7.3      12.1      40.2
     395.0       3.0       7.3      12.1      40.7
     400.0       3.0       7.4      12.2      41.3
     405.0       3.0       7.4      12.2      41.8
     410.0       3.0       7.5      12.2      42.4
     415.0       3.0       7.5      12.3      43.0
     420.0       3.1       7.6      12.3      43.5
     425.0       3.1       7.6      12.3      44.1
     430.0       3.1       7.7      12.4      44.6
     435.0       3.1       7.7      12.4      45.2
     440.0       3.1       7.8      12.4      45.8
     445.0       3.2       7.8      12.5      46.3
     450.0       3.2       7.9      12.5      46.9
     455.0       3.2       7.9      12.5      47.5
     460.0       3.2       8.0      12.6      48.1
     465.0       3.2       8.0      12.6      48.6
     470.0       3.3       8.1      12.7      49.2
     475.0       3.3       8.1      12.7      49.8
     480.0       3.3       8.2      12.8      50.4
     485.0       3.3       8.2      12.8      50.9
     490.0       3.3       8.3      12.8      51.5
     495.0       3.3       8.3      12.9      52.1
     500.0       3.4       8.4      12.9      52.7
     505.0       3.4       8.4      13.0      53.3
     510.0       3.4       8.5      13.0      53.9
     515.0       3.4       8.5      13.1      54.4
     520.0       3.4       8.6      13.1      55.0
     525.0       3.5       8.6      13.2      55.6
     530.0       3.5       8.7      13.2      56.2
     535.0       3.5       8.7      13.3      56.8
     540.0       3.5       8.8      13.3      57.4
     545.0       3.5       8.8      13.4      58.0
     550.0       3.5       8.9      13.5      58.6
     555.0       3.5       8.9      13.5      59.2
     560.0       3.6       9.0      13.6      59.8
     565.0       3.6       9.0      13.6      60.4
     570.0       3.6       9.1      13.7      61.0
     575.0       3.6       9.1      13.7      61.6
     580.0       3.6       9.2      13.8      62.2
     585.0       3.6       9.2      13.9      62.8
     590.0       3.7       9.3      13.9      63.4
     595.0       3.7       9.3      14.0      64.0
     600.0       3.7       9.4      14.0      64.6
     605.0       3.7       9.4      14.1      65.2
     610.0       3.7       9.5      14.2      65.8
     615.0       3.7       9.5      14.2      66.5
     620.0       3.7       9.6      14.3      67.1
     625.0       3.8       9.6      14.3      67.7
     630.0       3.8       9.7      14.4      68.3
     635.0       3.8       9.7      14.5      68.9
     640.0       3.8       9.8      14.5      69.5
     645.0       3.8       9.8      14.6      70.2
     650.0       3.8       9.9      14.7      70.8
     655.0       3.8       9.9      14.7      71.4
     660.0       3.9      10.0      14.8      72.0
     665.0       3.9      10.0      14.9      72.6
     670.0       3.9      10.1      14.9      73.3
     675.0       3.9      10.1      15.0      73.9
     680.0       3.9      10.2      15.1      74.5
     685.0       3.9      10.2      15.1      75.2
     690.0       3.9      10.3      15.2      75.8
     695.0       3.9      10.3      15.3      76.4
     700.0       4.0      10.4      15.3      77.0
     705.0       4.0      10.4      15.4      77.7
     710.0       4.0      10.5      15.5      78.3
     715.0       4.0      10.5      15.5      79.0
     720.0       4.0      10.6      15.6      79.6
     725.0       4.0      10.6      15.7      80.2
     730.0       4.0      10.7      15.8      80.9
     735.0       4.0      10.7      15.8      81.5
     740.0       4.1      10.8      15.9      82.2
     745.0       4.1      10.8      16.0      82.8
     750.0       4.1      10.8      16.0      83.4
     755.0       4.1      10.9      16.1      84.1
     760.0       4.1      10.9      16.2      84.7
     765.0       4.1      11.0      16.3      85.4
     770.0       4.1      11.0      16.3      86.0
     775.0       4.1      11.1      16.4      86.7
     780.0       4.2      11.1      16.5      87.3
     785.0       4.2      11.2      16.6      88.0
     790.0       4.2      11.2      16.6      88.6
     795.0       4.2      11.3      16.7      89.3
     800.0       4.2      11.3      16.8      90.0
     805.0       4.2      11.4      16.8      90.6
     810.0       4.2      11.4      16.9      91.3
     815.0       4.2      11.5      17.0      91.9
     820.0       4.2      11.5      17.1      92.6
     825.0       4.3      11.6      17.2      93.3
     830.0       4.3      11.6      17.2      93.9
     835.0       4.3      11.6      17.3      94.6
     840.0       4.3      11.7      17.4      95.2
     845.0       4.3      11.7      17.5      95.9
     850.0       4.3      11.8      17.5      96.6
     855.0       4.3      11.8      17.6      97.2
     860.0       4.3      11.9      17.7      97.9
     865.0       4.3      11.9      17.8      98.6
     870.0       4.4      12.0      17.8      99.3
     875.0       4.4      12.0      17.9      99.9
     880.0       4.4      12.1      18.0     100.6
     885.0       4.4      12.1      18.1     101.3
     890.0       4.4      12.2      18.2     102.0
     895.0       4.4      12.2      18.2     102.6
     900.0       4.4      12.3      18.3     103.3
     905.0       4.4      12.3      18.4     104.0
     910.0       4.4      12.3      18.5     104.7
     915.0       4.5      12.4      18.6     105.4
     920.0       4.5      12.4      18.6     106.0
     925.0       4.5      12.5      18.7     106.7
     930.0       4.5      12.5      18.8     107.4
     935.0       4.5      12.6      18.9     108.1
     940.0       4.5      12.6      19.0     108.8
     945.0       4.5      12.7      19.1     109.5
     950.0       4.5      12.7      19.1     110.2
     955.0       4.5      12.8      19.2     110.9
     960.0       4.5      12.8      19.3     111.6
     965.0       4.6      12.9      19.4     112.3
     970.0       4.6      12.9      19.5     112.9
     975.0       4.6      12.9      19.5     113.6
     980.0       4.6      13.0      19.6     114.3
     985.0       4.6      13.0      19.7     115.0
     990.0       4.6      13.1      19.8     115.7
     995.0       4.6      13.1      19.9     116.4
    1000.0       4.6      13.2      20.0     117.1
    1005.0       4.6      13.2      20.0     117.9
    1010.0       4.6      13.3      20.1     118.6
    1015.0       4.7      13.3      20.2     119.3
    1020.0       4.7      13.4      20.3     120.0
    1025.0       4.7      13.4      20.4     120.7
    1030.0       4.7      13.5      20.5     121.4
    1035.0       4.7      13.5      20.6     122.1
    1040.0       4.7      13.5      20.6     122.8
    1045.0       4.7      13.6      20.7     123.5
    1050.0       4.7      13.6      20.8     124.3
    1055.0       4.7      13.7      20.9     125.0
    1060.0       4.7      13.7      21.0     125.7
    1065.0       4.8      13.8      21.1     126.4
    1070.0       4.8      13.8      21.2     127.1
    1075.0       4.8      13.9      21.2     127.9
    1080.0       4.8      13.9      21.3     128.6
    1085.0       4.8      13.9      21.4     129.3
    1090.0       4.8      14.0      21.5     130.0
    1095.0       4.8      14.0      21.6     130.8
    1100.0       4.8      14.1      21.7     131.5
    1105.0       4.8      14.1      21.8     132.2
    1110.0       4.8      14.2      21.9     132.9
    1115.0       4.9      14.2      21.9     133.7
    1120.0       4.9      14.3      22.0     134.4
    1125.0       4.9      14.3      22.1     135.1
    1130.0       4.9      14.4      22.2     135.9
    1135.0       4.9      14.4      22.3     136.6
    1140.0       4.9      14.4      22.4     137.3
    1145.0       4.9      14.5      22.5     138.1
    1150.0       4.9      14.5      22.6     138.8
    1155.0       4.9      14.6      22.7     139.6
    1160.0       4.9      14.6      22.7     140.3
    1165.0       5.0      14.7      22.8     141.0
    1170.0       5.0      14.7      22.9     141.8
    1175.0       5.0      14.8      23.0     142.5
    1180.0       5.0      14.8      23.1     143.3
    1185.0       5.0      14.8      23.2     144.0
    1190.0       5.0      14.9      23.3     144.8
    1195.0       5.0      14.9      23.4     145.5
    1200.0       5.0      15.0      23.5     146.3
    1205.0       5.0      15.0      23.6     147.0
    1210.0       5.0      15.1      23.7     147.8
    1215.0       5.0      15.1      23.7     148.5
    1220.0       5.1      15.2      23.8     149.3
    1225.0       5.1      15.2      23.9     150.0
    1230.0       5.1      15.2      24.0     150.8
    1235.0       5.1      15.3      24.1     151.5
    1240.0       5.1      15.3      24.2     152.3
    1245.0       5.1      15.4      24.3     153.0
    1250.0       5.1      15.4      24.4     153.8
    1255.0       5.1      15.5      24.5     154.6
    1260.0       5.1      15.5      24.6     155.3
    1265.0       5.1      15.6      24.7     156.1
    1270.0       5.1      15.6      24.8     156.9
    1275.0       5.2      15.6      24.8     157.6
    1280.0       5.2      15.7      24.9     158.4
    1285.0       5.2      15.7      25.0     159.2
    1290.0       5.2      15.8      25.1     159.9
    1295.0       5.2      15.8      25.2     160.7
    1300.0       5.2      15.9      25.3     161.5
    1305.0       5.2      15.9      25.4     162.2
    1310.0       5.2      16.0      25.5     163.0
    1315.0       5.2      16.0      25.6     163.8
    1320.0       5.2      16.0      25.7     164.6
    1325.0       5.2      16.1      25.8     165.4
    1330.0       5.3      16.1      25.9     166.1
    1335.0       5.3      16.2      26.0     166.9
    1340.0       5.3      16.2      26.1     167.7
    1345.0       5.3      16.3      26.2     168.5
    1350.0       5.3      16.3      26.3     169.2
    1355.0       5.3      16.3      26.4     170.0
    1360.0       5.3      16.4      26.5     170.8
    1365.0       5.3      16.4      26.6     171.6
    1370.0       5.3      16.5      26.6     172.4
    1375.0       5.3      16.5      26.7     173.2
    1380.0       5.3      16.6      26.8     174.0
    1385.0       5.3      16.6      26.9     174.8
    1390.0       5.4      16.7      27.0     175.5
    1395.0       5.4      16.7      27.1     176.3
    1400.0       5.4      16.7      27.2     177.1
    1405.0       5.4      16.8      27.3     177.9
    1410.0       5.4      16.8      27.4     178.7
    1415.0       5.4      16.9      27.5     179.5
    1420.0       5.4      16.9      27.6     180.3
    1425.0       5.4      17.0      27.7     181.1
    1430.0       5.4      17.0      27.8     181.9
    1435.0       5.4      17.0      27.9     182.7
    1440.0       5.4      17.1      28.0     183.5
    1445.0       5.5      17.1      28.1     184.3
    1450.0       5.5      17.2      28.2     185.1
    1455.0       5.5      17.2      28.3     185.9
    1460.0       5.5      17.3      28.4     186.7
    1465.0       5.5      17.3      28.5     187.5
    1470.0       5.5      17.3      28.6     188.3
    1475.0       5.5      17.4      28.7     189.2
    1480.0       5.5      17.4      28.8     190.0
    1485.0       5.5      17.5      28.9     190.8
    1490.0       5.5      17.5      29.0     191.6
    1495.0       5.5      17.6      29.1     192.4
    1500.0       5.5      17.6      29.2     193.2
    1505.0       5.6      17.7      29.3     194.0
    1510.0       5.6      17.7      29.4     194.8
    1515.0       5.6      17.7      29.5     195.7
    1520.0       5.6      17.8      29.6     196.5
    1525.0       5.6      17.8      29.7     197.3
    1530.0       5.6      17.9      29.8     198.1
    1535.0       5.6      17.9      29.9     198.9
    1540.0       5.6      18.0      30.0     199.8
    1545.0       5.6      18.0      30.1     200.6
    1550.0       5.6      18.0      30.2     201.4
    1555.0       5.6      18.1      30.3     202.2
    1560.0       5.6      18.1      30.4     203.1
    1565.0       5.7      18.2      30.5     203.9
    1570.0       5.7      18.2      30.6     204.7
    1575.0       5.7      18.3      30.7     205.6
    1580.0       5.7      18.3      30.8     206.4
    1585.0       5.7      18.3      30.9     207.2
    1590.0       5.7      18.4      31.0     208.0
    1595.0       5.7      18.4      31.1     208.9
    1600.0       5.7      18.5      31.2     209.7
    1605.0       5.7      18.5      31.3     210.6
    1610.0       5.7      18.6      31.4     211.4
    1615.0       5.7      18.6      31.5     212.2
    1620.0       5.7      18.6      31.6     213.1
    1625.0       5.8      18.7      31.7     213.9
    1630.0       5.8      18.7      31.8     214.8
    1635.0       5.8      18.8      31.9     215.6
    1640.0       5.8      18.8      32.0     216.4
    1645.0       5.8      18.9      32.1     217.3
    1650.0       5.8      18.9      32.2     218.1
    1655.0       5.8      18.9      32.3     219.0
    1660.0       5.8      19.0      32.4     219.8
    1665.0       5.8      19.0      32.5     220.7
    1670.0       5.8      19.1      32.6     221.5
    1675.0       5.8      19.1      32.7     222.4
    1680.0       5.8      19.1      32.8     223.3
    1685.0       5.9      19.2      33.0     224.1
    1690.0       5.9      19.2      33.1     225.0
    1695.0       5.9      19.3      33.2     225.8
    1700.0       5.9      19.3      33.3     226.7
    1705.0       5.9      19.4      33.4     227.5
    1710.0       5.9      19.4      33.5     228.4
    1715.0       5.9      19.4      33.6     229.3
    1720.0       5.9      19.5      33.7     230.1
    1725.0       5.9      19.5      33.8     231.0
    1730.0       5.9      19.6      33.9     231.8
    1735.0       5.9      19.6      34.0     232.7
    1740.0       5.9      19.7      34.1     233.6
    1745.0       5.9      19.7      34.2     234.4
    1750.0       6.0      19.7      34.3     235.3
    1755.0       6.0      19.8      34.4     236.2
    1760.0       6.0      19.8      34.5     237.1
    1765.0       6.0      19.9      34.6     237.9
    1770.0       6.0      19.9      34.7     238.8
    1775.0       6.0      20.0      34.8     239.7
    1780.0       6.0      20.0      35.0     240.5
    1785.0       6.0      20.0      35.1     241.4
    1790.0       6.0      20.1      35.2     242.3
    1795.0       6.0      20.1      35.3     243.2
    1800.0       6.0      20.2      35.4     244.1
    1805.0       6.0      20.2      35.5     244.9
    1810.0       6.0      20.2      35.6     245.8
    1815.0       6.1      20.3      35.7     246.7
    1820.0       6.1      20.3      35.8     247.6
    1825.0       6.1      20.4      35.9     248.5
    1830.0       6.1      20.4      36.0     249.4
    1835.0       6.1      20.5      36.1     250.2
    1840.0       6.1      20.5      36.2     251.1
    1845.0       6.1      20.5      36.3     252.0
    1850.0       6.1      20.6      36.5     252.9
    1855.0       6.1      20.6      36.6     253.8
    1860.0       6.1      20.7      36.7     254.7
    1865.0       6.1      20.7      36.8     255.6
    1870.0       6.1      20.8      36.9     256.5
    1875.0       6.2      20.8      37.0     257.4
    1880.0       6.2      20.8      37.1     258.3
    1885.0       6.2      20.9      37.2     259.2
    1890.0       6.2      20.9      37.3     260.1
    1895.0       6.2      21.0      37.4     261.0
    1900.0       6.2      21.0      37.5     261.9
    1905.0       6.2      21.0      37.6     262.8
    1910.0       6.2      21.1      37.8     263.7
    1915.0       6.2      21.1      37.9     264.6
    1920.0       6.2      21.2      38.0     265.5
    1925.0       6.2      21.2      38.1     266.4
    1930.0       6.2      21.3      38.2     267.3
    1935.0       6.2      21.3      38.3     268.2
    1940.0       6.3      21.3      38.4     269.1
    1945.0       6.3      21.4      38.5     270.0
    1950.0       6.3      21.4      38.6     270.9
    1955.0       6.3      21.5      38.7     271.8
    1960.0       6.3      21.5      38.9     272.8
    1965.0       6.3      21.5      39.0     273.7
    1970.0       6.3      21.6      39.1     274.6
    1975.0       6.3      21.6      39.2     275.5
    1980.0       6.3      21.7      39.3     276.4
    1985.0       6.3      21.7      39.4     277.3
    1990.0       6.3      21.8      39.5     278.3
    1995.0       6.3      21.8      39.6     279.2
    2495.0       7.1      25.9      51.3     377.3
    2995.0       7.7      29.9      64.0     486.1
    3495.0       8.3      33.8      77.6     605.5
    3995.0       8.9      37.6      92.0     735.4
    4495.0       9.5      41.3     107.3     875.1
    4995.0      10.0      45.0     123.4    1023.7
    5495.0      10.5      48.7     140.2    1181.1
    5995.0      11.0      52.3     157.8    1346.7
    6495.0      11.5      55.8     176.1    1520.6
    6995.0      12.0      59.3     195.0    1702.4
    7495.0      12.5      62.8     214.7    1892.2
    7995.0      12.9      66.3     234.9    2089.9
    8495.0      13.3      69.7     255.8    2295.4
    8995.0      13.8      73.1     277.4    2508.6
    9495.0      14.2      76.5     299.5    2729.4
    9995.0      14.6      79.9     322.2    2957.9
   10495.0      15.0      83.2     345.5    3193.9
   10995.0      15.4      86.5     369.3    3437.5
   11495.0      15.8      89.8     393.8    3688.5
   11995.0      16.2      93.1     418.7    3946.9
   12495.0      16.6      96.4     444.2    4212.8
   12995.0      17.0      99.6     470.3    4486.0
   13495.0      17.3     102.9     496.9    4766.5
   13995.0      17.7     106.1     523.9    5054.2
   14495.0      18.1     109.3     551.5    5349.3
   14995.0      18.4     112.5     579.6    5651.5
   15495.0      18.8     115.7     608.2    5960.9
   15995.0      19.1     118.8     637.3    6277.4
   16495.0      19.5     122.0     666.8    6601.0
   16995.0      19.8     125.2     696.8    6931.7
   17495.0      20.2     128.3     727.3    7269.5
   17995.0      20.5     131.4     758.3    7614.3
   18495.0      20.8     134.5     789.7    7966.1
   18995.0      21.2     137.6     821.6    8324.8
   19495.0      21.5     140.7     853.9    8690.5
   19995.0      21.8     143.8     886.7    9063.1
   20495.0      22.1     146.9     919.9    9442.6
   20995.0      22.5     150.0     953.5    9828.9
   21495.0      22.8     153.0     987.6   10222.1
   21995.0      23.1     156.1    1022.1   10622.1
   22495.0      23.4     159.1    1057.0   11028.9
   22995.0      23.7     162.2    1092.3   11442.4
   23495.0      24.0     165.2    1128.1   11862.7
   23995.0      24.3     168.2    1164.2   12289.5
   24495.0      24.6     171.2    1200.8   12723.0
   24995.0      24.9     174.2    1237.8   13163.2
   25495.0      25.2     177.2    1275.1   13609.9
   25995.0      25.5     180.2    1312.9   14063.2
   26495.0      25.8     183.2    1351.1   14523.0
   26995.0      26.1     186.2    1389.6   14989.3
   27495.0      26.4     189.2    1428.6   15462.1
   27995.0      26.7     192.2    1467.9   15941.3
   28495.0      27.0     195.1    1507.6   16426.9
   28995.0      27.3     198.1    1547.7   16918.9
   29495.0      27.5     201.0    1588.1   17417.3
   29995.0      27.8     204.0    1629.0   17922.1
   30495.0      28.1     206.9    1670.0   18429.4
   30995.0      28.4     209.9    1710.9   18936.7
   31495.0      28.7     212.8    1751.9   19444.0
   31995.0      28.9     215.7    1792.9   19951.3
   32495.0      29.2     218.7    1833.9   20458.6
   32995.0      29.5     221.6    1874.9   20965.9
   33495.0      29.8     224.6    1915.9   21473.2
   33995.0      30.0     227.5    1956.8   21980.5
   34495.0      30.3     230.5    1997.8   22487.7
   34995.0      30.6     233.4    2038.8   22995.0
   35495.0      30.9     236.3    2079.8   23502.3
   35995.0      31.2     239.3    2120.8   24009.6
   36495.0      31.4     242.2    2161.7   24516.9
   36995.0      31.7     245.2    2202.7   25024.2
   37495.0      32.0     248.1    2243.7   25531.5
   37995.0      32.3     251.1    2284.7   26038.8
   38495.0      32.6     254.0    2325.7   26546.1
   38995.0      32.8     256.9    2366.7   27053.4
   39495.0      33.1     259.9    2407.6   27560.7
   39995.0      33.4     262.8    2448.6   28068.0
   40495.0      33.7     265.8    2489.6   28575.3
   40995.0      34.0     268.7    2530.6   29082.5
   41495.0      34.2     271.7    2571.6   29589.8
   41995.0      34.5     274.6    2612.6   30097.1
   42495.0      34.8     277.5    2653.5   30604.4
   42995.0      35.1     280.5    2694.5   31111.7
   43495.0      35.4     283.4    2735.5   31619.0
   43995.0      35.6     286.4    2776.5   32126.3
   44495.0      35.9     289.3    2817.5   32633.6
   44995.0      36.2     292.3    2858.4   33140.9
   45495.0      36.5     295.2    2899.4   33648.2
   45995.0      36.8     298.1    2940.4   34155.5
   46495.0      37.0     301.1    2981.4   34662.8
   46995.0      37.3     304.0    3022.4   35170.1
   47495.0      37.6     307.0    3063.4   35677.3
   47995.0      37.9     309.9    3104.3   36184.6
   48495.0      38.1     312.9    3145.3   36691.9
   48995.0      38.4     315.8    3186.3   37199.2
   49495.0      38.7     318.8    3227.3   37706.5
   49995.0      39.0     321.7    3268.3   38213.8
   50495.0      39.3     324.6    3309.2   38721.1
   50995.0      39.5     327.6    3350.2   39228.4
   51495.0      39.8     330.5    3391.2   39735.7
   51995.0      40.1     333.5    3432.2   40243.0
   52495.0      40.4     336.4    3473.2   40750.3
   52995.0      40.7     339.4    3514.2   41257.6
   53495.0      40.9     342.3    3555.1   41764.8
   53995.0      41.2     345.2    3596.1   42272.1
   54495.0      41.5     348.2    3637.1   42779.4
   54995.0      41.8     351.1    3678.1   43286.7
   55495.0      42.1     354.1    3719.1   43794.0
   55995.0      42.3     357.0    3760.1   44301.3
   56495.0      42.6     360.0    3801.0   44808.6
   56995.0      42.9     362.9    3842.0   45315.9
   57495.0      43.2     365.8    3883.0   45823.2
   57995.0      43.5     368.8    3924.0   46330.5
   58495.0      43.7     371.7    3965.0   46837.8
   58995.0      44.0     374.7    4005.9   47345.1
   59495.0      44.3     377.6    4046.9   47852.4
   59995.0      44.6     380.6    4087.9   48359.6
   60495.0      44.9     383.5    4128.9   48866.9
   60995.0      45.1     386.4    4169.9   49374.2
   61495.0      45.4     389.4    4210.9   49881.5
   61995.0      45.7     392.3    4251.8   50388.8
   62495.0      46.0     395.3    4292.8   50896.1
   62995.0      46.2     398.2    4333.8   51403.4
   63495.0      46.5     401.2    4374.8   51910.7
   63995.0      46.8     404.1    4415.8   52418.0
   64495.0      47.1     407.0    4456.8   52925.3
   64995.0      47.4     410.0    4497.7   53432.6
   65495.0      47.6     412.9    4538.7   53939.9
   65995.0      47.9     415.9    4579.7   54447.2
   66495.0      48.2     418.8    4620.7   54954.4
   66995.0      48.5     421.8    4661.7   55461.7
   67495.0      48.8     424.7    4702.6   55969.0
   67995.0      49.0     427.6    4743.6   56476.3
   68495.0      49.3     430.6    4784.6   56983.6
   68995.0      49.6     433.5    4825.6   57490.9
   69495.0      49.9     436.5    4866.6   57998.2
   69995.0      50.2     439.4    4907.6   58505.5
   70495.0      50.4     442.4    4948.5   59012.8
   70995.0      50.7     445.3    4989.5   59520.1
   71495.0      51.0     448.2    5030.5   60027.4
   71995.0      51.3     451.2    5071.5   60534.7
   72495.0      51.6     454.1    5112.5   61042.0
   72995.0      51.8     457.1    5153.4   61549.2
   73495.0      52.1     460.0    5194.4   62056.5
   73995.0      52.4     463.0    5235.4   62563.8
   74495.0      52.7     465.9    5276.4   63071.1
   74995.0      53.0     468.8    5317.4   63578.4
   75495.0      53.2     471.8    5358.4   64085.7
   75995.0      53.5     474.7    5399.3   64593.0
   76495.0      53.8     477.7    5440.3   65100.3
   76995.0      54.1     480.6    5481.3   65607.6
   77495.0      54.3     483.6    5522.3   66114.9
   77995.0      54.6     486.5    5563.3   66622.2
   78495.0      54.9     489.4    5604.3   67129.5
   78995.0      55.2     492.4    5645.2   67636.7
   79495.0      55.5     495.3    5686.2   68144.0
   79995.0      55.7     498.3    5727.2   68651.3
   80495.0      56.0     501.2    5768.2   69158.6
   80995.0      56.3     504.2    5809.2   69665.9
   81495.0      56.6     507.1    5850.1   70173.2
   81995.0      56.9     510.0    5891.1   70680.5
   82495.0      57.1     513.0    5932.1   71187.8
   82995.0      57.4     515.9    5973.1   71695.1
   83495.0      57.7     518.9    6014.1   72202.4
   83995.0      58.0     521.8    6055.1   72709.7
   84495.0      58.3     524.8    6096.0   73217.0
   84995.0      58.5     527.7    6137.0   73724.3
   85495.0      58.8     530.6    6178.0   74231.5
   85995.0      59.1     533.6    6219.0   74738.8
   86495.0      59.4     536.5    6260.0   75246.1
   86995.0      59.7     539.5    6301.0   75753.4
   87495.0      59.9     542.4    6341.9   76260.7
   87995.0      60.2     545.4    6382.9   76768.0
   88495.0      60.5     548.3    6423.9   77275.3
   88995.0      60.8     551.3    6464.9   77782.6
   89495.0      61.1     554.2    6505.9   78289.9
   89995.0      61.3     557.1    6546.8   78797.2
   90495.0      61.6     560.1    6587.8   79304.5
   90995.0      61.9     563.0    6628.8   79811.8
   91495.0      62.2     566.0    6669.8   80319.1
   91995.0      62.4     568.9    6710.8   80826.3
   92495.0      62.7     571.9    6751.8   81333.6
   92995.0      63.0     574.8    6792.7   81840.9
   93495.0      63.3     577.7    6833.7   82348.2
   93995.0      63.6     580.7    6874.7   82855.5
   94495.0      63.8     583.6    6915.7   83362.8
   94995.0      64.1     586.6    6956.7   83870.1
   95495.0      64.4     589.5    6997.6   84377.4
   95995.0      64.7     592.5    7038.6   84884.7
   96495.0      65.0     595.4    7079.6   85392.0
   96995.0      65.2     598.3    7120.6   85899.3
   97495.0      65.5     601.3    7161.6   86406.6
   97995.0      65.8     604.2    7202.6   86913.8
   98495.0      66.1     607.2    7243.5   87421.1
   98995.0      66.4     610.1    7284.5   87928.4
   99495.0      66.6     613.1    7325.5   88435.7
