# Characteristic  Pathlengths (in Angstroem) for Electron Transport in Pt
#
# ener(eV)      EMFP      IMFP     TRMFP      LNRG   
       5.0       4.0      65.5       3.0       0.1
      10.0       5.2      33.5       3.6       0.1
      15.0       4.3      23.7       3.5       0.1
      20.0       3.2      19.0       3.1       0.1
      25.0       2.5      15.9       2.8       0.1
      30.0       2.0      13.6       2.7       0.1
      35.0       1.8      12.0       2.7       0.1
      40.0       1.6      10.8       2.8       0.1
      45.0       1.5       9.6       3.0       1.2
      50.0       1.5       8.6       3.2       2.3
      55.0       1.5       7.8       3.6       3.2
      60.0       1.5       7.1       3.9       4.1
      65.0       1.4       6.4       4.3       4.9
      70.0       1.5       6.0       4.8       5.7
      75.0       1.5       5.6       5.2       6.4
      80.0       1.5       5.4       5.7       7.1
      85.0       1.5       5.2       6.2       7.8
      90.0       1.5       5.1       6.7       8.4
      95.0       1.5       5.0       7.2       9.0
     100.0       1.5       5.0       7.7       9.6
     105.0       1.5       4.9       8.2      10.2
     110.0       1.5       4.9       8.7      10.8
     115.0       1.5       4.9       9.2      11.3
     120.0       1.6       4.9       9.6      11.9
     125.0       1.6       4.9      10.1      12.4
     130.0       1.6       4.9      10.5      13.0
     135.0       1.6       4.9      10.9      13.5
     140.0       1.7       4.9      11.2      14.0
     145.0       1.7       4.9      11.5      14.6
     150.0       1.7       4.9      11.8      15.1
     155.0       1.7       4.9      12.1      15.6
     160.0       1.8       5.0      12.3      16.1
     165.0       1.8       5.0      12.5      16.6
     170.0       1.8       5.0      12.6      17.2
     175.0       1.8       5.0      12.8      17.7
     180.0       1.9       5.1      12.9      18.2
     185.0       1.9       5.1      13.0      18.7
     190.0       1.9       5.2      13.1      19.2
     195.0       2.0       5.2      13.1      19.8
     200.0       2.0       5.3      13.2      20.3
     205.0       2.0       5.3      13.2      20.8
     210.0       2.0       5.3      13.2      21.3
     215.0       2.1       5.4      13.3      21.8
     220.0       2.1       5.4      13.3      22.4
     225.0       2.1       5.5      13.3      22.9
     230.0       2.2       5.5      13.3      23.4
     235.0       2.2       5.6      13.3      23.9
     240.0       2.2       5.7      13.2      24.5
     245.0       2.3       5.7      13.2      25.0
     250.0       2.3       5.8      13.2      25.5
     255.0       2.3       5.8      13.2      26.1
     260.0       2.3       5.9      13.2      26.6
     265.0       2.4       5.9      13.2      27.2
     270.0       2.4       6.0      13.2      27.7
     275.0       2.4       6.0      13.1      28.2
     280.0       2.5       6.1      13.1      28.8
     285.0       2.5       6.1      13.1      29.3
     290.0       2.5       6.2      13.1      29.9
     295.0       2.6       6.3      13.1      30.4
     300.0       2.6       6.3      13.1      31.0
     305.0       2.6       6.4      13.1      31.5
     310.0       2.6       6.4      13.1      32.1
     315.0       2.7       6.5      13.1      32.7
     320.0       2.7       6.5      13.1      33.2
     325.0       2.7       6.6      13.1      33.8
     330.0       2.8       6.6      13.1      34.3
     335.0       2.8       6.7      13.1      34.9
     340.0       2.8       6.8      13.1      35.5
     345.0       2.8       6.8      13.1      36.0
     350.0       2.9       6.9      13.1      36.6
     355.0       2.9       6.9      13.1      37.2
     360.0       2.9       7.0      13.1      37.8
     365.0       2.9       7.0      13.1      38.3
     370.0       3.0       7.1      13.1      38.9
     375.0       3.0       7.1      13.2      39.5
     380.0       3.0       7.2      13.2      40.1
     385.0       3.0       7.2      13.2      40.7
     390.0       3.1       7.3      13.2      41.3
     395.0       3.1       7.4      13.2      41.8
     400.0       3.1       7.4      13.3      42.4
     405.0       3.1       7.5      13.3      43.0
     410.0       3.2       7.5      13.3      43.6
     415.0       3.2       7.6      13.3      44.2
     420.0       3.2       7.6      13.4      44.8
     425.0       3.2       7.7      13.4      45.4
     430.0       3.3       7.7      13.4      46.0
     435.0       3.3       7.8      13.5      46.6
     440.0       3.3       7.8      13.5      47.2
     445.0       3.3       7.9      13.5      47.8
     450.0       3.3       8.0      13.6      48.4
     455.0       3.4       8.0      13.6      49.0
     460.0       3.4       8.1      13.7      49.6
     465.0       3.4       8.1      13.7      50.2
     470.0       3.4       8.2      13.7      50.8
     475.0       3.4       8.2      13.8      51.5
     480.0       3.5       8.3      13.8      52.1
     485.0       3.5       8.3      13.9      52.7
     490.0       3.5       8.4      13.9      53.3
     495.0       3.5       8.4      14.0      53.9
     500.0       3.5       8.5      14.0      54.6
     505.0       3.6       8.5      14.1      55.2
     510.0       3.6       8.6      14.1      55.8
     515.0       3.6       8.6      14.2      56.4
     520.0       3.6       8.7      14.2      57.1
     525.0       3.6       8.7      14.3      57.7
     530.0       3.7       8.8      14.3      58.3
     535.0       3.7       8.8      14.4      58.9
     540.0       3.7       8.9      14.4      59.6
     545.0       3.7       9.0      14.5      60.2
     550.0       3.7       9.0      14.5      60.9
     555.0       3.7       9.1      14.6      61.5
     560.0       3.8       9.1      14.6      62.1
     565.0       3.8       9.2      14.7      62.8
     570.0       3.8       9.2      14.8      63.4
     575.0       3.8       9.3      14.8      64.1
     580.0       3.8       9.3      14.9      64.7
     585.0       3.8       9.4      14.9      65.4
     590.0       3.9       9.4      15.0      66.0
     595.0       3.9       9.5      15.1      66.6
     600.0       3.9       9.5      15.1      67.3
     605.0       3.9       9.6      15.2      68.0
     610.0       3.9       9.6      15.2      68.6
     615.0       3.9       9.7      15.3      69.3
     620.0       4.0       9.7      15.4      69.9
     625.0       4.0       9.8      15.4      70.6
     630.0       4.0       9.8      15.5      71.2
     635.0       4.0       9.9      15.6      71.9
     640.0       4.0       9.9      15.6      72.6
     645.0       4.0      10.0      15.7      73.2
     650.0       4.1      10.0      15.8      73.9
     655.0       4.1      10.1      15.8      74.5
     660.0       4.1      10.1      15.9      75.2
     665.0       4.1      10.2      16.0      75.9
     670.0       4.1      10.2      16.0      76.6
     675.0       4.1      10.3      16.1      77.2
     680.0       4.1      10.3      16.2      77.9
     685.0       4.2      10.4      16.2      78.6
     690.0       4.2      10.4      16.3      79.3
     695.0       4.2      10.5      16.4      79.9
     700.0       4.2      10.5      16.5      80.6
     705.0       4.2      10.6      16.5      81.3
     710.0       4.2      10.6      16.6      82.0
     715.0       4.2      10.7      16.7      82.6
     720.0       4.3      10.7      16.7      83.3
     725.0       4.3      10.8      16.8      84.0
     730.0       4.3      10.8      16.9      84.7
     735.0       4.3      10.9      17.0      85.4
     740.0       4.3      10.9      17.0      86.1
     745.0       4.3      11.0      17.1      86.8
     750.0       4.3      11.0      17.2      87.5
     755.0       4.3      11.1      17.3      88.2
     760.0       4.4      11.1      17.3      88.8
     765.0       4.4      11.2      17.4      89.5
     770.0       4.4      11.2      17.5      90.2
     775.0       4.4      11.3      17.6      90.9
     780.0       4.4      11.3      17.6      91.6
     785.0       4.4      11.4      17.7      92.3
     790.0       4.4      11.4      17.8      93.0
     795.0       4.5      11.5      17.9      93.7
     800.0       4.5      11.5      17.9      94.4
     805.0       4.5      11.6      18.0      95.1
     810.0       4.5      11.6      18.1      95.8
     815.0       4.5      11.7      18.2      96.6
     820.0       4.5      11.7      18.2      97.3
     825.0       4.5      11.8      18.3      98.0
     830.0       4.5      11.8      18.4      98.7
     835.0       4.5      11.8      18.5      99.4
     840.0       4.6      11.9      18.6     100.1
     845.0       4.6      11.9      18.6     100.8
     850.0       4.6      12.0      18.7     101.5
     855.0       4.6      12.0      18.8     102.2
     860.0       4.6      12.1      18.9     103.0
     865.0       4.6      12.1      19.0     103.7
     870.0       4.6      12.2      19.0     104.4
     875.0       4.6      12.2      19.1     105.1
     880.0       4.7      12.3      19.2     105.8
     885.0       4.7      12.3      19.3     106.6
     890.0       4.7      12.4      19.4     107.3
     895.0       4.7      12.4      19.5     108.0
     900.0       4.7      12.5      19.5     108.7
     905.0       4.7      12.5      19.6     109.5
     910.0       4.7      12.6      19.7     110.2
     915.0       4.7      12.6      19.8     110.9
     920.0       4.7      12.7      19.9     111.7
     925.0       4.8      12.7      20.0     112.4
     930.0       4.8      12.8      20.0     113.1
     935.0       4.8      12.8      20.1     113.9
     940.0       4.8      12.9      20.2     114.6
     945.0       4.8      12.9      20.3     115.3
     950.0       4.8      12.9      20.4     116.1
     955.0       4.8      13.0      20.5     116.8
     960.0       4.8      13.0      20.6     117.6
     965.0       4.8      13.1      20.6     118.3
     970.0       4.9      13.1      20.7     119.0
     975.0       4.9      13.2      20.8     119.8
     980.0       4.9      13.2      20.9     120.5
     985.0       4.9      13.3      21.0     121.3
     990.0       4.9      13.3      21.1     122.0
     995.0       4.9      13.4      21.2     122.8
    1000.0       4.9      13.4      21.2     123.5
    1005.0       4.9      13.5      21.3     124.3
    1010.0       4.9      13.5      21.4     125.1
    1015.0       5.0      13.6      21.5     125.8
    1020.0       5.0      13.6      21.6     126.6
    1025.0       5.0      13.7      21.7     127.3
    1030.0       5.0      13.7      21.8     128.1
    1035.0       5.0      13.7      21.9     128.9
    1040.0       5.0      13.8      21.9     129.6
    1045.0       5.0      13.8      22.0     130.4
    1050.0       5.0      13.9      22.1     131.1
    1055.0       5.0      13.9      22.2     131.9
    1060.0       5.1      14.0      22.3     132.7
    1065.0       5.1      14.0      22.4     133.4
    1070.0       5.1      14.1      22.5     134.2
    1075.0       5.1      14.1      22.6     135.0
    1080.0       5.1      14.2      22.7     135.8
    1085.0       5.1      14.2      22.8     136.5
    1090.0       5.1      14.3      22.8     137.3
    1095.0       5.1      14.3      22.9     138.1
    1100.0       5.1      14.3      23.0     138.9
    1105.0       5.1      14.4      23.1     139.6
    1110.0       5.2      14.4      23.2     140.4
    1115.0       5.2      14.5      23.3     141.2
    1120.0       5.2      14.5      23.4     142.0
    1125.0       5.2      14.6      23.5     142.8
    1130.0       5.2      14.6      23.6     143.5
    1135.0       5.2      14.7      23.7     144.3
    1140.0       5.2      14.7      23.8     145.1
    1145.0       5.2      14.8      23.9     145.9
    1150.0       5.2      14.8      24.0     146.7
    1155.0       5.2      14.9      24.0     147.5
    1160.0       5.3      14.9      24.1     148.3
    1165.0       5.3      14.9      24.2     149.1
    1170.0       5.3      15.0      24.3     149.9
    1175.0       5.3      15.0      24.4     150.6
    1180.0       5.3      15.1      24.5     151.4
    1185.0       5.3      15.1      24.6     152.2
    1190.0       5.3      15.2      24.7     153.0
    1195.0       5.3      15.2      24.8     153.8
    1200.0       5.3      15.3      24.9     154.6
    1205.0       5.3      15.3      25.0     155.4
    1210.0       5.4      15.4      25.1     156.2
    1215.0       5.4      15.4      25.2     157.0
    1220.0       5.4      15.4      25.3     157.8
    1225.0       5.4      15.5      25.4     158.6
    1230.0       5.4      15.5      25.5     159.4
    1235.0       5.4      15.6      25.6     160.3
    1240.0       5.4      15.6      25.7     161.1
    1245.0       5.4      15.7      25.7     161.9
    1250.0       5.4      15.7      25.8     162.7
    1255.0       5.4      15.8      25.9     163.5
    1260.0       5.5      15.8      26.0     164.3
    1265.0       5.5      15.9      26.1     165.1
    1270.0       5.5      15.9      26.2     165.9
    1275.0       5.5      15.9      26.3     166.8
    1280.0       5.5      16.0      26.4     167.6
    1285.0       5.5      16.0      26.5     168.4
    1290.0       5.5      16.1      26.6     169.2
    1295.0       5.5      16.1      26.7     170.0
    1300.0       5.5      16.2      26.8     170.8
    1305.0       5.5      16.2      26.9     171.7
    1310.0       5.5      16.3      27.0     172.5
    1315.0       5.6      16.3      27.1     173.3
    1320.0       5.6      16.4      27.2     174.1
    1325.0       5.6      16.4      27.3     175.0
    1330.0       5.6      16.4      27.4     175.8
    1335.0       5.6      16.5      27.5     176.6
    1340.0       5.6      16.5      27.6     177.4
    1345.0       5.6      16.6      27.7     178.3
    1350.0       5.6      16.6      27.8     179.1
    1355.0       5.6      16.7      27.9     179.9
    1360.0       5.6      16.7      28.0     180.8
    1365.0       5.7      16.8      28.1     181.6
    1370.0       5.7      16.8      28.2     182.5
    1375.0       5.7      16.8      28.3     183.3
    1380.0       5.7      16.9      28.4     184.1
    1385.0       5.7      16.9      28.5     185.0
    1390.0       5.7      17.0      28.6     185.8
    1395.0       5.7      17.0      28.7     186.6
    1400.0       5.7      17.1      28.8     187.5
    1405.0       5.7      17.1      28.9     188.3
    1410.0       5.7      17.2      29.0     189.2
    1415.0       5.7      17.2      29.1     190.0
    1420.0       5.8      17.2      29.2     190.9
    1425.0       5.8      17.3      29.3     191.7
    1430.0       5.8      17.3      29.4     192.6
    1435.0       5.8      17.4      29.5     193.4
    1440.0       5.8      17.4      29.6     194.3
    1445.0       5.8      17.5      29.7     195.1
    1450.0       5.8      17.5      29.8     196.0
    1455.0       5.8      17.6      29.9     196.8
    1460.0       5.8      17.6      30.0     197.7
    1465.0       5.8      17.6      30.1     198.6
    1470.0       5.8      17.7      30.2     199.4
    1475.0       5.9      17.7      30.3     200.3
    1480.0       5.9      17.8      30.4     201.1
    1485.0       5.9      17.8      30.5     202.0
    1490.0       5.9      17.9      30.6     202.9
    1495.0       5.9      17.9      30.7     203.7
    1500.0       5.9      18.0      30.8     204.6
    1505.0       5.9      18.0      31.0     205.5
    1510.0       5.9      18.0      31.1     206.3
    1515.0       5.9      18.1      31.2     207.2
    1520.0       5.9      18.1      31.3     208.1
    1525.0       5.9      18.2      31.4     208.9
    1530.0       5.9      18.2      31.5     209.8
    1535.0       6.0      18.3      31.6     210.7
    1540.0       6.0      18.3      31.7     211.6
    1545.0       6.0      18.4      31.8     212.4
    1550.0       6.0      18.4      31.9     213.3
    1555.0       6.0      18.4      32.0     214.2
    1560.0       6.0      18.5      32.1     215.1
    1565.0       6.0      18.5      32.2     216.0
    1570.0       6.0      18.6      32.3     216.8
    1575.0       6.0      18.6      32.4     217.7
    1580.0       6.0      18.7      32.5     218.6
    1585.0       6.0      18.7      32.6     219.5
    1590.0       6.1      18.7      32.7     220.4
    1595.0       6.1      18.8      32.8     221.2
    1600.0       6.1      18.8      32.9     222.1
    1605.0       6.1      18.9      33.1     223.0
    1610.0       6.1      18.9      33.2     223.9
    1615.0       6.1      19.0      33.3     224.8
    1620.0       6.1      19.0      33.4     225.7
    1625.0       6.1      19.1      33.5     226.6
    1630.0       6.1      19.1      33.6     227.5
    1635.0       6.1      19.1      33.7     228.4
    1640.0       6.1      19.2      33.8     229.3
    1645.0       6.2      19.2      33.9     230.2
    1650.0       6.2      19.3      34.0     231.1
    1655.0       6.2      19.3      34.1     232.0
    1660.0       6.2      19.4      34.2     232.9
    1665.0       6.2      19.4      34.3     233.8
    1670.0       6.2      19.4      34.5     234.7
    1675.0       6.2      19.5      34.6     235.6
    1680.0       6.2      19.5      34.7     236.5
    1685.0       6.2      19.6      34.8     237.4
    1690.0       6.2      19.6      34.9     238.3
    1695.0       6.2      19.7      35.0     239.2
    1700.0       6.2      19.7      35.1     240.1
    1705.0       6.3      19.8      35.2     241.0
    1710.0       6.3      19.8      35.3     241.9
    1715.0       6.3      19.8      35.4     242.9
    1720.0       6.3      19.9      35.5     243.8
    1725.0       6.3      19.9      35.6     244.7
    1730.0       6.3      20.0      35.8     245.6
    1735.0       6.3      20.0      35.9     246.5
    1740.0       6.3      20.1      36.0     247.4
    1745.0       6.3      20.1      36.1     248.3
    1750.0       6.3      20.1      36.2     249.3
    1755.0       6.3      20.2      36.3     250.2
    1760.0       6.3      20.2      36.4     251.1
    1765.0       6.4      20.3      36.5     252.0
    1770.0       6.4      20.3      36.6     253.0
    1775.0       6.4      20.4      36.8     253.9
    1780.0       6.4      20.4      36.9     254.8
    1785.0       6.4      20.4      37.0     255.7
    1790.0       6.4      20.5      37.1     256.7
    1795.0       6.4      20.5      37.2     257.6
    1800.0       6.4      20.6      37.3     258.5
    1805.0       6.4      20.6      37.4     259.5
    1810.0       6.4      20.7      37.5     260.4
    1815.0       6.4      20.7      37.6     261.3
    1820.0       6.4      20.7      37.8     262.3
    1825.0       6.5      20.8      37.9     263.2
    1830.0       6.5      20.8      38.0     264.1
    1835.0       6.5      20.9      38.1     265.1
    1840.0       6.5      20.9      38.2     266.0
    1845.0       6.5      21.0      38.3     267.0
    1850.0       6.5      21.0      38.4     267.9
    1855.0       6.5      21.0      38.5     268.8
    1860.0       6.5      21.1      38.7     269.8
    1865.0       6.5      21.1      38.8     270.7
    1870.0       6.5      21.2      38.9     271.7
    1875.0       6.5      21.2      39.0     272.6
    1880.0       6.5      21.3      39.1     273.6
    1885.0       6.6      21.3      39.2     274.5
    1890.0       6.6      21.3      39.3     275.5
    1895.0       6.6      21.4      39.4     276.4
    1900.0       6.6      21.4      39.6     277.4
    1905.0       6.6      21.5      39.7     278.3
    1910.0       6.6      21.5      39.8     279.3
    1915.0       6.6      21.6      39.9     280.3
    1920.0       6.6      21.6      40.0     281.2
    1925.0       6.6      21.6      40.1     282.2
    1930.0       6.6      21.7      40.2     283.1
    1935.0       6.6      21.7      40.4     284.1
    1940.0       6.6      21.8      40.5     285.0
    1945.0       6.7      21.8      40.6     286.0
    1950.0       6.7      21.9      40.7     287.0
    1955.0       6.7      21.9      40.8     287.9
    1960.0       6.7      21.9      40.9     288.9
    1965.0       6.7      22.0      41.0     289.9
    1970.0       6.7      22.0      41.2     290.8
    1975.0       6.7      22.1      41.3     291.8
    1980.0       6.7      22.1      41.4     292.8
    1985.0       6.7      22.2      41.5     293.8
    1990.0       6.7      22.2      41.6     294.7
    1995.0       6.7      22.2      41.7     295.7
    2495.0       7.5      26.4      53.9     399.2
    2995.0       8.2      30.5      67.1     513.6
    3495.0       8.9      34.5      81.2     638.8
    3995.0       9.5      38.4      96.3     774.6
    4495.0      10.1      42.2     112.2     921.0
    4995.0      10.6      46.0     128.9    1077.1
    5495.0      11.2      49.8     146.4    1242.2
    5995.0      11.7      53.4     164.6    1416.2
    6495.0      12.2      57.1     183.6    1598.7
    6995.0      12.7      60.7     203.3    1789.6
    7495.0      13.2      64.3     223.6    1988.8
    7995.0      13.7      67.8     244.6    2196.2
    8495.0      14.1      71.3     266.3    2411.7
    8995.0      14.6      74.8     288.6    2635.3
    9495.0      15.0      78.3     311.5    2866.8
    9995.0      15.5      81.7     335.0    3106.2
   10495.0      15.9      85.1     359.1    3353.4
   10995.0      16.3      88.5     383.9    3608.5
   11495.0      16.7      91.9     409.1    3871.3
   11995.0      17.1      95.3     435.0    4141.9
   12495.0      17.5      98.6     461.4    4420.1
   12995.0      17.9     102.0     488.3    4706.0
   13495.0      18.3     105.3     515.8    4999.5
   13995.0      18.7     108.6     543.8    5300.5
   14495.0      19.1     111.9     572.3    5609.0
   14995.0      19.5     115.2     601.3    5925.1
   15495.0      19.8     118.4     630.8    6248.5
   15995.0      20.2     121.7     660.9    6579.4
   16495.0      20.6     124.9     691.4    6917.7
   16995.0      20.9     128.1     722.4    7263.3
   17495.0      21.3     131.3     753.9    7616.3
   17995.0      21.7     134.6     785.9    7976.6
   18495.0      22.0     137.7     818.3    8344.1
   18995.0      22.3     140.9     851.2    8718.8
   19495.0      22.7     144.1     884.6    9100.8
   19995.0      23.0     147.3     918.4    9489.9
   20495.0      23.4     150.4     952.7    9886.3
   20995.0      23.7     153.6     987.4   10289.7
   21495.0      24.0     156.7    1022.5   10700.3
   21995.0      24.4     159.8    1058.1   11117.9
   22495.0      24.7     163.0    1094.1   11542.6
   22995.0      25.0     166.1    1130.6   11974.4
   23495.0      25.3     169.2    1167.4   12413.1
   23995.0      25.7     172.3    1204.7   12858.9
   24495.0      26.0     175.4    1242.4   13311.6
   24995.0      26.3     178.5    1280.5   13771.2
   25495.0      26.6     181.5    1319.1   14237.6
   25995.0      26.9     184.6    1358.0   14710.9
   26495.0      27.2     187.7    1397.3   15191.1
   26995.0      27.5     190.7    1437.0   15678.0
   27495.0      27.8     193.8    1477.2   16171.7
   27995.0      28.1     196.8    1517.7   16672.2
   28495.0      28.4     199.9    1558.6   17179.4
   28995.0      28.7     202.9    1599.9   17693.2
   29495.0      29.0     205.9    1641.5   18213.7
   29995.0      29.3     208.9    1683.6   18740.9
   30495.0      29.6     212.0    1725.8   19270.7
   30995.0      29.9     215.0    1768.0   19800.5
   31495.0      30.2     218.0    1810.2   20330.2
   31995.0      30.5     221.0    1852.4   20860.0
   32495.0      30.8     224.0    1894.6   21389.8
   32995.0      31.1     227.0    1936.8   21919.6
   33495.0      31.3     230.1    1979.0   22449.4
   33995.0      31.6     233.1    2021.2   22979.2
   34495.0      31.9     236.1    2063.4   23509.0
   34995.0      32.2     239.1    2105.6   24038.7
   35495.0      32.5     242.1    2147.8   24568.5
   35995.0      32.8     245.1    2190.0   25098.3
   36495.0      33.1     248.2    2232.2   25628.1
   36995.0      33.4     251.2    2274.4   26157.9
   37495.0      33.7     254.2    2316.6   26687.7
   37995.0      34.0     257.2    2358.8   27217.4
   38495.0      34.3     260.2    2401.0   27747.2
   38995.0      34.6     263.3    2443.2   28277.0
   39495.0      34.9     266.3    2485.4   28806.8
   39995.0      35.1     269.3    2527.6   29336.6
   40495.0      35.4     272.3    2569.8   29866.4
   40995.0      35.7     275.3    2612.1   30396.2
   41495.0      36.0     278.3    2654.3   30925.9
   41995.0      36.3     281.4    2696.5   31455.7
   42495.0      36.6     284.4    2738.7   31985.5
   42995.0      36.9     287.4    2780.9   32515.3
   43495.0      37.2     290.4    2823.1   33045.1
   43995.0      37.5     293.4    2865.3   33574.9
   44495.0      37.8     296.4    2907.5   34104.7
   44995.0      38.1     299.5    2949.7   34634.4
   45495.0      38.4     302.5    2991.9   35164.2
   45995.0      38.7     305.5    3034.1   35694.0
   46495.0      38.9     308.5    3076.3   36223.8
   46995.0      39.2     311.5    3118.5   36753.6
   47495.0      39.5     314.6    3160.7   37283.4
   47995.0      39.8     317.6    3202.9   37813.1
   48495.0      40.1     320.6    3245.1   38342.9
   48995.0      40.4     323.6    3287.3   38872.7
   49495.0      40.7     326.6    3329.5   39402.5
   49995.0      41.0     329.6    3371.7   39932.3
   50495.0      41.3     332.7    3413.9   40462.1
   50995.0      41.6     335.7    3456.1   40991.9
   51495.0      41.9     338.7    3498.3   41521.6
   51995.0      42.2     341.7    3540.5   42051.4
   52495.0      42.5     344.7    3582.7   42581.2
   52995.0      42.7     347.7    3624.9   43111.0
   53495.0      43.0     350.8    3667.1   43640.8
   53995.0      43.3     353.8    3709.3   44170.6
   54495.0      43.6     356.8    3751.5   44700.4
   54995.0      43.9     359.8    3793.7   45230.1
   55495.0      44.2     362.8    3835.9   45759.9
   55995.0      44.5     365.9    3878.1   46289.7
   56495.0      44.8     368.9    3920.3   46819.5
   56995.0      45.1     371.9    3962.5   47349.3
   57495.0      45.4     374.9    4004.8   47879.1
   57995.0      45.7     377.9    4047.0   48408.8
   58495.0      46.0     380.9    4089.2   48938.6
   58995.0      46.3     384.0    4131.4   49468.4
   59495.0      46.5     387.0    4173.6   49998.2
   59995.0      46.8     390.0    4215.8   50528.0
   60495.0      47.1     393.0    4258.0   51057.8
   60995.0      47.4     396.0    4300.2   51587.6
   61495.0      47.7     399.0    4342.4   52117.3
   61995.0      48.0     402.1    4384.6   52647.1
   62495.0      48.3     405.1    4426.8   53176.9
   62995.0      48.6     408.1    4469.0   53706.7
   63495.0      48.9     411.1    4511.2   54236.5
   63995.0      49.2     414.1    4553.4   54766.3
   64495.0      49.5     417.2    4595.6   55296.1
   64995.0      49.8     420.2    4637.8   55825.8
   65495.0      50.0     423.2    4680.0   56355.6
   65995.0      50.3     426.2    4722.2   56885.4
   66495.0      50.6     429.2    4764.4   57415.2
   66995.0      50.9     432.2    4806.6   57945.0
   67495.0      51.2     435.3    4848.8   58474.8
   67995.0      51.5     438.3    4891.0   59004.5
   68495.0      51.8     441.3    4933.2   59534.3
   68995.0      52.1     444.3    4975.4   60064.1
   69495.0      52.4     447.3    5017.6   60593.9
   69995.0      52.7     450.3    5059.8   61123.7
   70495.0      53.0     453.4    5102.0   61653.5
   70995.0      53.3     456.4    5144.2   62183.3
   71495.0      53.6     459.4    5186.4   62713.0
   71995.0      53.8     462.4    5228.6   63242.8
   72495.0      54.1     465.4    5270.8   63772.6
   72995.0      54.4     468.5    5313.0   64302.4
   73495.0      54.7     471.5    5355.2   64832.2
   73995.0      55.0     474.5    5397.5   65362.0
   74495.0      55.3     477.5    5439.7   65891.8
   74995.0      55.6     480.5    5481.9   66421.5
   75495.0      55.9     483.5    5524.1   66951.3
   75995.0      56.2     486.6    5566.3   67481.1
   76495.0      56.5     489.6    5608.5   68010.9
   76995.0      56.8     492.6    5650.7   68540.7
   77495.0      57.1     495.6    5692.9   69070.5
   77995.0      57.4     498.6    5735.1   69600.2
   78495.0      57.6     501.6    5777.3   70130.0
   78995.0      57.9     504.7    5819.5   70659.8
   79495.0      58.2     507.7    5861.7   71189.6
   79995.0      58.5     510.7    5903.9   71719.4
   80495.0      58.8     513.7    5946.1   72249.2
   80995.0      59.1     516.7    5988.3   72779.0
   81495.0      59.4     519.8    6030.5   73308.7
   81995.0      59.7     522.8    6072.7   73838.5
   82495.0      60.0     525.8    6114.9   74368.3
   82995.0      60.3     528.8    6157.1   74898.1
   83495.0      60.6     531.8    6199.3   75427.9
   83995.0      60.9     534.8    6241.5   75957.7
   84495.0      61.2     537.9    6283.7   76487.5
   84995.0      61.4     540.9    6325.9   77017.2
   85495.0      61.7     543.9    6368.1   77547.0
   85995.0      62.0     546.9    6410.3   78076.8
   86495.0      62.3     549.9    6452.5   78606.6
   86995.0      62.6     552.9    6494.7   79136.4
   87495.0      62.9     556.0    6536.9   79666.2
   87995.0      63.2     559.0    6579.1   80195.9
   88495.0      63.5     562.0    6621.3   80725.7
   88995.0      63.8     565.0    6663.5   81255.5
   89495.0      64.1     568.0    6705.7   81785.3
   89995.0      64.4     571.1    6748.0   82315.1
   90495.0      64.7     574.1    6790.2   82844.9
   90995.0      65.0     577.1    6832.4   83374.7
   91495.0      65.2     580.1    6874.6   83904.4
   91995.0      65.5     583.1    6916.8   84434.2
   92495.0      65.8     586.1    6959.0   84964.0
   92995.0      66.1     589.2    7001.2   85493.8
   93495.0      66.4     592.2    7043.4   86023.6
   93995.0      66.7     595.2    7085.6   86553.4
   94495.0      67.0     598.2    7127.8   87083.2
   94995.0      67.3     601.2    7170.0   87612.9
   95495.0      67.6     604.2    7212.2   88142.7
   95995.0      67.9     607.3    7254.4   88672.5
   96495.0      68.2     610.3    7296.6   89202.3
   96995.0      68.5     613.3    7338.8   89732.1
   97495.0      68.8     616.3    7381.0   90261.9
   97995.0      69.0     619.3    7423.2   90791.6
   98495.0      69.3     622.4    7465.4   91321.4
   98995.0      69.6     625.4    7507.6   91851.2
   99495.0      69.9     628.4    7549.8   92381.0
