# Characteristic  Pathlengths (in Angstroem) for Electron Transport in Si
#
# ener(eV)      EMFP      IMFP     TRMFP      LNRG   
       5.0       5.6     639.7      14.6       0.1
      10.0       6.3     183.2      14.8       0.1
      15.0       6.0      91.9      13.3       0.1
      20.0       5.6      48.6      11.3       0.1
      25.0       5.2      21.0       9.8       0.1
      30.0       5.0       8.8       8.8       0.1
      35.0       4.9       5.7       8.2       0.1
      40.0       4.8       4.9       7.9       0.1
      45.0       4.8       4.6       7.8       1.3
      50.0       4.9       4.5       7.8       2.6
      55.0       4.9       4.6       7.8       3.9
      60.0       5.0       4.6       8.0       5.2
      65.0       5.0       4.7       8.2       6.4
      70.0       5.1       4.8       8.4       7.7
      75.0       5.2       4.9       8.6       9.0
      80.0       5.3       5.0       8.9      10.4
      85.0       5.4       5.2       9.2      11.7
      90.0       5.5       5.3       9.5      13.0
      95.0       5.6       5.4       9.9      14.4
     100.0       5.7       5.6      10.2      15.8
     105.0       5.7       5.7      10.6      17.2
     110.0       5.8       5.8      10.9      18.6
     115.0       5.9       6.0      11.3      20.1
     120.0       6.0       6.1      11.7      21.5
     125.0       6.1       6.3      12.1      23.0
     130.0       6.2       6.4      12.5      24.5
     135.0       6.3       6.5      13.0      26.0
     140.0       6.4       6.7      13.4      27.6
     145.0       6.5       6.8      13.8      29.1
     150.0       6.6       7.0      14.3      30.7
     155.0       6.6       7.1      14.7      32.3
     160.0       6.7       7.3      15.2      33.9
     165.0       6.8       7.4      15.6      35.5
     170.0       6.9       7.5      16.1      37.1
     175.0       7.0       7.7      16.6      38.7
     180.0       7.1       7.8      17.1      40.4
     185.0       7.2       8.0      17.6      42.0
     190.0       7.3       8.1      18.1      43.7
     195.0       7.4       8.2      18.6      45.3
     200.0       7.4       8.4      19.1      47.0
     205.0       7.5       8.5      19.6      48.7
     210.0       7.6       8.6      20.1      50.4
     215.0       7.7       8.8      20.6      52.1
     220.0       7.8       8.9      21.2      53.8
     225.0       7.9       9.0      21.7      55.5
     230.0       7.9       9.2      22.3      57.2
     235.0       8.0       9.3      22.8      58.9
     240.0       8.1       9.4      23.4      60.6
     245.0       8.2       9.5      23.9      62.3
     250.0       8.3       9.6      24.5      64.0
     255.0       8.4       9.8      25.0      65.7
     260.0       8.4       9.9      25.6      67.4
     265.0       8.5      10.0      26.2      69.1
     270.0       8.6      10.1      26.8      70.9
     275.0       8.7      10.2      27.4      72.6
     280.0       8.8      10.4      28.0      74.3
     285.0       8.9      10.5      28.6      76.0
     290.0       8.9      10.6      29.2      77.8
     295.0       9.0      10.7      29.8      79.5
     300.0       9.1      10.8      30.4      81.2
     305.0       9.2      10.9      31.0      83.0
     310.0       9.2      11.1      31.6      84.7
     315.0       9.3      11.2      32.3      86.5
     320.0       9.4      11.3      32.9      88.2
     325.0       9.5      11.4      33.5      90.0
     330.0       9.6      11.5      34.2      91.7
     335.0       9.6      11.6      34.8      93.5
     340.0       9.7      11.7      35.5      95.2
     345.0       9.8      11.8      36.1      97.0
     350.0       9.9      12.0      36.8      98.7
     355.0      10.0      12.1      37.4     100.5
     360.0      10.0      12.2      38.1     102.3
     365.0      10.1      12.3      38.8     104.1
     370.0      10.2      12.4      39.4     105.8
     375.0      10.3      12.5      40.1     107.6
     380.0      10.3      12.6      40.8     109.4
     385.0      10.4      12.7      41.5     111.2
     390.0      10.5      12.8      42.2     113.0
     395.0      10.6      12.9      42.9     114.8
     400.0      10.6      13.1      43.6     116.6
     405.0      10.7      13.2      44.3     118.4
     410.0      10.8      13.3      45.0     120.2
     415.0      10.9      13.4      45.7     122.0
     420.0      10.9      13.5      46.4     123.8
     425.0      11.0      13.6      47.1     125.6
     430.0      11.1      13.7      47.9     127.4
     435.0      11.1      13.8      48.6     129.2
     440.0      11.2      13.9      49.3     131.1
     445.0      11.3      14.0      50.1     132.9
     450.0      11.4      14.1      50.8     134.7
     455.0      11.4      14.2      51.6     136.6
     460.0      11.5      14.3      52.3     138.4
     465.0      11.6      14.5      53.1     140.3
     470.0      11.7      14.6      53.8     142.1
     475.0      11.7      14.7      54.6     144.0
     480.0      11.8      14.8      55.3     145.9
     485.0      11.9      14.9      56.1     147.7
     490.0      11.9      15.0      56.9     149.6
     495.0      12.0      15.1      57.7     151.5
     500.0      12.1      15.2      58.4     153.4
     505.0      12.2      15.3      59.2     155.3
     510.0      12.2      15.4      60.0     157.1
     515.0      12.3      15.5      60.8     159.0
     520.0      12.4      15.6      61.6     161.0
     525.0      12.4      15.7      62.4     162.9
     530.0      12.5      15.8      63.2     164.8
     535.0      12.6      15.9      64.0     166.7
     540.0      12.6      16.0      64.8     168.6
     545.0      12.7      16.1      65.6     170.5
     550.0      12.8      16.3      66.5     172.5
     555.0      12.9      16.4      67.3     174.4
     560.0      12.9      16.5      68.1     176.4
     565.0      13.0      16.6      68.9     178.3
     570.0      13.1      16.7      69.8     180.3
     575.0      13.1      16.8      70.6     182.2
     580.0      13.2      16.9      71.5     184.2
     585.0      13.3      17.0      72.3     186.2
     590.0      13.3      17.1      73.2     188.1
     595.0      13.4      17.2      74.0     190.1
     600.0      13.5      17.3      74.9     192.1
     605.0      13.5      17.4      75.7     194.1
     610.0      13.6      17.5      76.6     196.1
     615.0      13.7      17.6      77.4     198.1
     620.0      13.7      17.7      78.3     200.1
     625.0      13.8      17.8      79.2     202.1
     630.0      13.9      17.9      80.1     204.1
     635.0      13.9      18.0      81.0     206.2
     640.0      14.0      18.1      81.8     208.2
     645.0      14.1      18.2      82.7     210.2
     650.0      14.1      18.3      83.6     212.3
     655.0      14.2      18.4      84.5     214.3
     660.0      14.3      18.5      85.4     216.4
     665.0      14.3      18.6      86.3     218.4
     670.0      14.4      18.7      87.2     220.5
     675.0      14.5      18.8      88.1     222.6
     680.0      14.5      18.9      89.1     224.6
     685.0      14.6      19.0      90.0     226.7
     690.0      14.7      19.2      90.9     228.8
     695.0      14.7      19.3      91.8     230.9
     700.0      14.8      19.4      92.7     233.0
     705.0      14.9      19.5      93.7     235.1
     710.0      14.9      19.6      94.6     237.2
     715.0      15.0      19.7      95.6     239.3
     720.0      15.1      19.8      96.5     241.5
     725.0      15.1      19.9      97.4     243.6
     730.0      15.2      20.0      98.4     245.7
     735.0      15.3      20.1      99.3     247.9
     740.0      15.3      20.2     100.3     250.0
     745.0      15.4      20.3     101.3     252.2
     750.0      15.4      20.4     102.2     254.3
     755.0      15.5      20.5     103.2     256.5
     760.0      15.6      20.6     104.2     258.7
     765.0      15.6      20.7     105.1     260.8
     770.0      15.7      20.8     106.1     263.0
     775.0      15.8      20.9     107.1     265.2
     780.0      15.8      21.0     108.1     267.4
     785.0      15.9      21.1     109.1     269.6
     790.0      16.0      21.2     110.1     271.8
     795.0      16.0      21.3     111.0     274.0
     800.0      16.1      21.4     112.1     276.2
     805.0      16.1      21.5     113.1     278.5
     810.0      16.2      21.6     114.1     280.7
     815.0      16.3      21.7     115.1     282.9
     820.0      16.3      21.8     116.1     285.2
     825.0      16.4      21.9     117.1     287.4
     830.0      16.5      22.0     118.1     289.7
     835.0      16.5      22.1     119.1     291.9
     840.0      16.6      22.2     120.2     294.2
     845.0      16.7      22.3     121.2     296.5
     850.0      16.7      22.4     122.2     298.7
     855.0      16.8      22.5     123.3     301.0
     860.0      16.8      22.6     124.3     303.3
     865.0      16.9      22.7     125.3     305.6
     870.0      17.0      22.8     126.4     307.9
     875.0      17.0      22.9     127.4     310.2
     880.0      17.1      23.0     128.5     312.5
     885.0      17.1      23.1     129.5     314.8
     890.0      17.2      23.2     130.6     317.2
     895.0      17.3      23.3     131.7     319.5
     900.0      17.3      23.4     132.7     321.8
     905.0      17.4      23.5     133.8     324.2
     910.0      17.5      23.6     134.9     326.5
     915.0      17.5      23.7     135.9     328.9
     920.0      17.6      23.8     137.0     331.2
     925.0      17.6      23.9     138.1     333.6
     930.0      17.7      24.0     139.2     336.0
     935.0      17.8      24.1     140.3     338.4
     940.0      17.8      24.2     141.4     340.8
     945.0      17.9      24.3     142.5     343.1
     950.0      18.0      24.4     143.6     345.5
     955.0      18.0      24.5     144.7     347.9
     960.0      18.1      24.6     145.8     350.4
     965.0      18.1      24.7     146.9     352.8
     970.0      18.2      24.8     148.0     355.2
     975.0      18.3      24.9     149.1     357.6
     980.0      18.3      24.9     150.2     360.1
     985.0      18.4      25.0     151.4     362.5
     990.0      18.4      25.1     152.5     364.9
     995.0      18.5      25.2     153.6     367.4
    1000.0      18.6      25.3     154.7     369.9
    1005.0      18.6      25.4     155.9     372.4
    1010.0      18.7      25.5     157.0     374.9
    1015.0      18.7      25.6     158.2     377.4
    1020.0      18.8      25.7     159.3     379.9
    1025.0      18.9      25.8     160.5     382.4
    1030.0      18.9      25.9     161.6     384.9
    1035.0      19.0      26.0     162.8     387.4
    1040.0      19.0      26.1     163.9     389.9
    1045.0      19.1      26.2     165.1     392.4
    1050.0      19.2      26.3     166.2     395.0
    1055.0      19.2      26.4     167.4     397.6
    1060.0      19.3      26.5     168.6     400.1
    1065.0      19.3      26.6     169.8     402.7
    1070.0      19.4      26.7     171.0     405.3
    1075.0      19.5      26.8     172.1     407.8
    1080.0      19.5      26.9     173.3     410.4
    1085.0      19.6      27.0     174.5     413.0
    1090.0      19.6      27.1     175.7     415.5
    1095.0      19.7      27.2     176.9     418.1
    1100.0      19.8      27.3     178.1     420.7
    1105.0      19.8      27.4     179.3     423.4
    1110.0      19.9      27.5     180.5     426.0
    1115.0      19.9      27.6     181.7     428.6
    1120.0      20.0      27.7     182.9     431.2
    1125.0      20.1      27.8     184.1     433.9
    1130.0      20.1      27.9     185.3     436.5
    1135.0      20.2      28.0     186.5     439.1
    1140.0      20.2      28.1     187.8     441.8
    1145.0      20.3      28.1     189.0     444.4
    1150.0      20.3      28.2     190.2     447.1
    1155.0      20.4      28.3     191.4     449.8
    1160.0      20.5      28.4     192.7     452.5
    1165.0      20.5      28.5     193.9     455.1
    1170.0      20.6      28.6     195.2     457.8
    1175.0      20.6      28.7     196.4     460.5
    1180.0      20.7      28.8     197.7     463.2
    1185.0      20.8      28.9     198.9     465.9
    1190.0      20.8      29.0     200.1     468.6
    1195.0      20.9      29.1     201.4     471.3
    1200.0      20.9      29.2     202.7     474.0
    1205.0      21.0      29.3     203.9     476.8
    1210.0      21.1      29.4     205.2     479.5
    1215.0      21.1      29.5     206.5     482.3
    1220.0      21.2      29.6     207.8     485.0
    1225.0      21.2      29.7     209.0     487.8
    1230.0      21.3      29.8     210.3     490.5
    1235.0      21.3      29.9     211.6     493.3
    1240.0      21.4      30.0     212.9     496.0
    1245.0      21.5      30.1     214.1     498.8
    1250.0      21.5      30.2     215.4     501.6
    1255.0      21.6      30.2     216.7     504.4
    1260.0      21.6      30.3     218.1     507.2
    1265.0      21.7      30.4     219.4     510.0
    1270.0      21.8      30.5     220.7     512.8
    1275.0      21.8      30.6     222.0     515.7
    1280.0      21.9      30.7     223.3     518.5
    1285.0      21.9      30.8     224.6     521.3
    1290.0      22.0      30.9     225.9     524.1
    1295.0      22.0      31.0     227.2     526.9
    1300.0      22.1      31.1     228.5     529.8
    1305.0      22.2      31.2     229.9     532.6
    1310.0      22.2      31.3     231.2     535.5
    1315.0      22.3      31.4     232.5     538.4
    1320.0      22.3      31.5     233.9     541.3
    1325.0      22.4      31.6     235.2     544.1
    1330.0      22.4      31.7     236.6     547.0
    1335.0      22.5      31.8     237.9     549.9
    1340.0      22.6      31.9     239.2     552.8
    1345.0      22.6      31.9     240.6     555.6
    1350.0      22.7      32.0     241.9     558.6
    1355.0      22.7      32.1     243.3     561.5
    1360.0      22.8      32.2     244.7     564.4
    1365.0      22.8      32.3     246.0     567.4
    1370.0      22.9      32.4     247.4     570.3
    1375.0      23.0      32.5     248.8     573.2
    1380.0      23.0      32.6     250.1     576.2
    1385.0      23.1      32.7     251.5     579.1
    1390.0      23.1      32.8     252.9     582.0
    1395.0      23.2      32.9     254.2     585.0
    1400.0      23.2      33.0     255.6     588.0
    1405.0      23.3      33.1     257.0     591.0
    1410.0      23.4      33.2     258.4     594.0
    1415.0      23.4      33.3     259.8     597.0
    1420.0      23.5      33.4     261.2     599.9
    1425.0      23.5      33.4     262.6     602.9
    1430.0      23.6      33.5     264.0     605.9
    1435.0      23.6      33.6     265.4     608.9
    1440.0      23.7      33.7     266.8     611.9
    1445.0      23.8      33.8     268.2     614.9
    1450.0      23.8      33.9     269.7     618.0
    1455.0      23.9      34.0     271.1     621.0
    1460.0      23.9      34.1     272.5     624.1
    1465.0      24.0      34.2     273.9     627.1
    1470.0      24.0      34.3     275.4     630.2
    1475.0      24.1      34.4     276.8     633.3
    1480.0      24.2      34.5     278.2     636.3
    1485.0      24.2      34.6     279.7     639.4
    1490.0      24.3      34.7     281.1     642.4
    1495.0      24.3      34.7     282.5     645.5
    1500.0      24.4      34.8     284.0     648.6
    1505.0      24.4      34.9     285.4     651.7
    1510.0      24.5      35.0     286.9     654.8
    1515.0      24.5      35.1     288.4     658.0
    1520.0      24.6      35.2     289.8     661.1
    1525.0      24.7      35.3     291.3     664.2
    1530.0      24.7      35.4     292.7     667.3
    1535.0      24.8      35.5     294.2     670.4
    1540.0      24.8      35.6     295.7     673.5
    1545.0      24.9      35.7     297.1     676.7
    1550.0      24.9      35.8     298.6     679.8
    1555.0      25.0      35.9     300.1     683.0
    1560.0      25.1      36.0     301.6     686.2
    1565.0      25.1      36.0     303.1     689.4
    1570.0      25.2      36.1     304.6     692.5
    1575.0      25.2      36.2     306.0     695.7
    1580.0      25.3      36.3     307.5     698.9
    1585.0      25.3      36.4     309.0     702.1
    1590.0      25.4      36.5     310.5     705.2
    1595.0      25.4      36.6     312.0     708.4
    1600.0      25.5      36.7     313.5     711.7
    1605.0      25.6      36.8     315.0     714.9
    1610.0      25.6      36.9     316.6     718.1
    1615.0      25.7      37.0     318.1     721.4
    1620.0      25.7      37.1     319.6     724.6
    1625.0      25.8      37.1     321.1     727.9
    1630.0      25.8      37.2     322.6     731.1
    1635.0      25.9      37.3     324.2     734.3
    1640.0      25.9      37.4     325.7     737.6
    1645.0      26.0      37.5     327.2     740.8
    1650.0      26.1      37.6     328.8     744.1
    1655.0      26.1      37.7     330.3     747.4
    1660.0      26.2      37.8     331.9     750.7
    1665.0      26.2      37.9     333.4     754.0
    1670.0      26.3      38.0     335.0     757.3
    1675.0      26.3      38.1     336.5     760.6
    1680.0      26.4      38.2     338.1     763.9
    1685.0      26.4      38.2     339.6     767.2
    1690.0      26.5      38.3     341.2     770.5
    1695.0      26.6      38.4     342.7     773.8
    1700.0      26.6      38.5     344.3     777.1
    1705.0      26.7      38.6     345.9     780.5
    1710.0      26.7      38.7     347.4     783.9
    1715.0      26.8      38.8     349.0     787.2
    1720.0      26.8      38.9     350.6     790.6
    1725.0      26.9      39.0     352.2     793.9
    1730.0      26.9      39.1     353.8     797.3
    1735.0      27.0      39.2     355.3     800.7
    1740.0      27.1      39.2     356.9     804.0
    1745.0      27.1      39.3     358.5     807.4
    1750.0      27.2      39.4     360.1     810.8
    1755.0      27.2      39.5     361.7     814.2
    1760.0      27.3      39.6     363.3     817.6
    1765.0      27.3      39.7     364.9     821.0
    1770.0      27.4      39.8     366.5     824.5
    1775.0      27.4      39.9     368.1     827.9
    1780.0      27.5      40.0     369.8     831.3
    1785.0      27.5      40.1     371.4     834.7
    1790.0      27.6      40.2     373.0     838.1
    1795.0      27.7      40.2     374.6     841.6
    1800.0      27.7      40.3     376.2     845.0
    1805.0      27.8      40.4     377.9     848.5
    1810.0      27.8      40.5     379.5     852.0
    1815.0      27.9      40.6     381.1     855.5
    1820.0      27.9      40.7     382.8     858.9
    1825.0      28.0      40.8     384.4     862.4
    1830.0      28.0      40.9     386.1     865.9
    1835.0      28.1      41.0     387.7     869.4
    1840.0      28.2      41.1     389.3     872.9
    1845.0      28.2      41.2     391.0     876.3
    1850.0      28.3      41.2     392.6     879.9
    1855.0      28.3      41.3     394.3     883.4
    1860.0      28.4      41.4     396.0     886.9
    1865.0      28.4      41.5     397.6     890.5
    1870.0      28.5      41.6     399.3     894.0
    1875.0      28.5      41.7     401.0     897.6
    1880.0      28.6      41.8     402.6     901.1
    1885.0      28.6      41.9     404.3     904.6
    1890.0      28.7      42.0     406.0     908.2
    1895.0      28.8      42.1     407.6     911.7
    1900.0      28.8      42.1     409.3     915.3
    1905.0      28.9      42.2     411.0     918.9
    1910.0      28.9      42.3     412.7     922.5
    1915.0      29.0      42.4     414.4     926.1
    1920.0      29.0      42.5     416.1     929.7
    1925.0      29.1      42.6     417.8     933.3
    1930.0      29.1      42.7     419.5     936.9
    1935.0      29.2      42.8     421.2     940.5
    1940.0      29.2      42.9     422.9     944.1
    1945.0      29.3      43.0     424.6     947.7
    1950.0      29.4      43.0     426.3     951.3
    1955.0      29.4      43.1     428.1     955.0
    1960.0      29.5      43.2     429.8     958.7
    1965.0      29.5      43.3     431.5     962.3
    1970.0      29.6      43.4     433.2     966.0
    1975.0      29.6      43.5     435.0     969.6
    1980.0      29.7      43.6     436.7     973.3
    1985.0      29.7      43.7     438.4     976.9
    1990.0      29.8      43.8     440.2     980.6
    1995.0      29.8      43.8     441.9     984.3
    2495.0      35.2      52.6     630.3    1385.1
    2995.0      40.5      61.2     846.6    1843.6
    3495.0      45.6      69.6    1090.2    2358.4
    3995.0      50.8      77.9    1360.3    2927.9
    4495.0      55.8      86.0    1656.3    3549.5
    4995.0      60.9      94.0    1977.7    4221.7
    5495.0      65.9     101.9    2324.2    4943.5
    5995.0      70.9     109.7    2695.2    5713.8
    6495.0      75.8     117.4    3090.4    6532.2
    6995.0      80.8     125.1    3509.5    7397.9
    7495.0      85.7     132.7    3952.1    8310.5
    7995.0      90.6     140.2    4417.9    9269.5
    8495.0      95.5     147.7    4906.7   10274.4
    8995.0     100.3     155.1    5418.2   11324.8
    9495.0     105.1     162.5    5952.1   12420.4
    9995.0     110.0     169.9    6508.2   13560.8
   10495.0     114.7     177.2    7086.3   14745.7
   10995.0     119.5     184.4    7686.1   15974.7
   11495.0     124.3     191.6    8307.4   17247.6
   11995.0     129.0     198.8    8950.1   18564.2
   12495.0     133.8     206.0    9614.0   19924.0
   12995.0     138.5     213.1   10298.8   21327.0
   13495.0     143.2     220.2   11004.4   22772.8
   13995.0     147.8     227.3   11730.6   24261.2
   14495.0     152.5     234.3   12477.3   25792.1
   14995.0     157.1     241.3   13244.3   27365.2
   15495.0     161.7     248.3   14031.4   28980.3
   15995.0     166.4     255.2   14838.4   30637.2
   16495.0     171.0     262.2   15665.3   32335.8
   16995.0     175.5     269.1   16511.9   34075.8
   17495.0     180.1     276.0   17378.1   35857.1
   17995.0     184.6     282.9   18263.6   37679.6
   18495.0     189.2     289.7   19168.5   39543.0
   18995.0     193.7     296.5   20092.4   41447.2
   19495.0     198.2     303.3   21035.4   43392.1
   19995.0     202.7     310.1   21997.3   45377.5
   20495.0     207.1     316.9   22978.0   47403.3
   20995.0     211.6     323.7   23977.4   49469.4
   21495.0     216.0     330.4   24995.2   51575.6
   21995.0     220.5     337.1   26031.6   53721.7
   22495.0     224.9     343.8   27086.2   55907.8
   22995.0     229.3     350.5   28159.0   58133.5
   23495.0     233.6     357.2   29249.9   60398.9
   23995.0     238.0     363.8   30358.8   62703.8
   24495.0     242.4     370.5   31485.7   65048.2
   24995.0     246.7     377.1   32630.2   67431.8
   25495.0     251.0     383.7   33792.5   69854.5
   25995.0     255.3     390.3   34972.4   72316.4
   26495.0     259.6     396.9   36169.7   74817.3
   26995.0     263.9     403.5   37384.5   77357.0
   27495.0     268.2     410.1   38616.5   79935.5
   27995.0     272.4     416.6   39865.8   82552.7
   28495.0     276.6     423.2   41132.2   85208.5
   28995.0     280.9     429.7   42415.6   87902.9
   29495.0     285.1     436.2   43715.9   90635.6
   29995.0     289.3     442.7   45033.1   93406.7
   30495.0     293.5     449.2   46357.0   96193.0
   30995.0     297.7     455.7   47680.9   98979.4
   31495.0     301.8     462.2   49004.8  101765.8
   31995.0     306.0     468.7   50328.7  104552.2
   32495.0     310.2     475.2   51652.6  107338.6
   32995.0     314.4     481.7   52976.5  110124.9
   33495.0     318.6     488.2   54300.4  112911.3
   33995.0     322.8     494.7   55624.3  115697.7
   34495.0     327.0     501.2   56948.2  118484.1
   34995.0     331.2     507.7   58272.1  121270.4
   35495.0     335.4     514.2   59596.0  124056.8
   35995.0     339.5     520.7   60919.9  126843.2
   36495.0     343.7     527.2   62243.8  129629.6
   36995.0     347.9     533.7   63567.7  132416.0
   37495.0     352.1     540.2   64891.7  135202.3
   37995.0     356.3     546.8   66215.6  137988.7
   38495.0     360.5     553.3   67539.5  140775.1
   38995.0     364.7     559.8   68863.4  143561.5
   39495.0     368.9     566.3   70187.3  146347.8
   39995.0     373.1     572.8   71511.2  149134.2
   40495.0     377.2     579.3   72835.1  151920.6
   40995.0     381.4     585.8   74159.0  154707.0
   41495.0     385.6     592.3   75482.9  157493.4
   41995.0     389.8     598.8   76806.8  160279.7
   42495.0     394.0     605.3   78130.7  163066.1
   42995.0     398.2     611.8   79454.6  165852.5
   43495.0     402.4     618.3   80778.5  168638.9
   43995.0     406.6     624.8   82102.4  171425.3
   44495.0     410.8     631.3   83426.3  174211.6
   44995.0     415.0     637.8   84750.2  176998.0
   45495.0     419.1     644.3   86074.1  179784.4
   45995.0     423.3     650.8   87398.0  182570.8
   46495.0     427.5     657.3   88721.9  185357.1
   46995.0     431.7     663.8   90045.8  188143.5
   47495.0     435.9     670.3   91369.7  190929.9
   47995.0     440.1     676.8   92693.6  193716.3
   48495.0     444.3     683.3   94017.5  196502.7
   48995.0     448.5     689.8   95341.5  199289.0
   49495.0     452.7     696.3   96665.4  202075.4
   49995.0     456.8     702.8   97989.3  204861.8
   50495.0     461.0     709.3   99313.2  207648.2
   50995.0     465.2     715.8  100637.1  210434.5
   51495.0     469.4     722.3  101961.0  213220.9
   51995.0     473.6     728.8  103284.9  216007.3
   52495.0     477.8     735.3  104608.8  218793.7
   52995.0     482.0     741.8  105932.7  221580.1
   53495.0     486.2     748.3  107256.6  224366.4
   53995.0     490.4     754.8  108580.5  227152.8
   54495.0     494.5     761.3  109904.4  229939.2
   54995.0     498.7     767.8  111228.3  232725.6
   55495.0     502.9     774.3  112552.2  235511.9
   55995.0     507.1     780.8  113876.1  238298.3
   56495.0     511.3     787.3  115200.0  241084.7
   56995.0     515.5     793.8  116523.9  243871.1
   57495.0     519.7     800.3  117847.8  246657.5
   57995.0     523.9     806.8  119171.7  249443.8
   58495.0     528.1     813.3  120495.6  252230.2
   58995.0     532.3     819.8  121819.5  255016.6
   59495.0     536.4     826.3  123143.4  257803.0
   59995.0     540.6     832.8  124467.3  260589.3
   60495.0     544.8     839.3  125791.3  263375.7
   60995.0     549.0     845.8  127115.2  266162.1
   61495.0     553.2     852.3  128439.1  268948.5
   61995.0     557.4     858.8  129763.0  271734.9
   62495.0     561.6     865.3  131086.9  274521.2
   62995.0     565.8     871.8  132410.8  277307.6
   63495.0     570.0     878.3  133734.7  280094.0
   63995.0     574.1     884.8  135058.6  282880.4
   64495.0     578.3     891.3  136382.5  285666.7
   64995.0     582.5     897.8  137706.4  288453.1
   65495.0     586.7     904.3  139030.3  291239.5
   65995.0     590.9     910.8  140354.2  294025.9
   66495.0     595.1     917.3  141678.1  296812.3
   66995.0     599.3     923.8  143002.0  299598.6
   67495.0     603.5     930.3  144325.9  302385.0
   67995.0     607.7     936.8  145649.8  305171.4
   68495.0     611.8     943.3  146973.7  307957.8
   68995.0     616.0     949.9  148297.6  310744.1
   69495.0     620.2     956.4  149621.5  313530.5
   69995.0     624.4     962.9  150945.4  316316.9
   70495.0     628.6     969.4  152269.3  319103.3
   70995.0     632.8     975.9  153593.2  321889.7
   71495.0     637.0     982.4  154917.1  324676.0
   71995.0     641.2     988.9  156241.0  327462.4
   72495.0     645.4     995.4  157565.0  330248.8
   72995.0     649.6    1001.9  158888.9  333035.2
   73495.0     653.7    1008.4  160212.8  335821.5
   73995.0     657.9    1014.9  161536.7  338607.9
   74495.0     662.1    1021.4  162860.6  341394.3
   74995.0     666.3    1027.9  164184.5  344180.7
   75495.0     670.5    1034.4  165508.4  346967.1
   75995.0     674.7    1040.9  166832.3  349753.4
   76495.0     678.9    1047.4  168156.2  352539.8
   76995.0     683.1    1053.9  169480.1  355326.2
   77495.0     687.3    1060.4  170804.0  358112.6
   77995.0     691.4    1066.9  172127.9  360898.9
   78495.0     695.6    1073.4  173451.8  363685.3
   78995.0     699.8    1079.9  174775.7  366471.7
   79495.0     704.0    1086.4  176099.6  369258.1
   79995.0     708.2    1092.9  177423.5  372044.5
   80495.0     712.4    1099.4  178747.4  374830.8
   80995.0     716.6    1105.9  180071.3  377617.2
   81495.0     720.8    1112.4  181395.2  380403.6
   81995.0     725.0    1118.9  182719.1  383190.0
   82495.0     729.2    1125.4  184043.0  385976.4
   82995.0     733.3    1131.9  185366.9  388762.7
   83495.0     737.5    1138.4  186690.8  391549.1
   83995.0     741.7    1144.9  188014.8  394335.5
   84495.0     745.9    1151.4  189338.7  397121.9
   84995.0     750.1    1157.9  190662.6  399908.2
   85495.0     754.3    1164.4  191986.5  402694.6
   85995.0     758.5    1170.9  193310.4  405481.0
   86495.0     762.7    1177.4  194634.3  408267.4
   86995.0     766.9    1183.9  195958.2  411053.8
   87495.0     771.0    1190.4  197282.1  413840.1
   87995.0     775.2    1196.9  198606.0  416626.5
   88495.0     779.4    1203.4  199929.9  419412.9
   88995.0     783.6    1209.9  201253.8  422199.3
   89495.0     787.8    1216.4  202577.7  424985.6
   89995.0     792.0    1222.9  203901.6  427772.0
   90495.0     796.2    1229.4  205225.5  430558.4
   90995.0     800.4    1235.9  206549.4  433344.8
   91495.0     804.6    1242.4  207873.3  436131.2
   91995.0     808.7    1248.9  209197.2  438917.5
   92495.0     812.9    1255.4  210521.1  441703.9
   92995.0     817.1    1261.9  211845.0  444490.3
   93495.0     821.3    1268.4  213168.9  447276.7
   93995.0     825.5    1274.9  214492.8  450063.0
   94495.0     829.7    1281.4  215816.7  452849.4
   94995.0     833.9    1287.9  217140.6  455635.8
   95495.0     838.1    1294.4  218464.6  458422.2
   95995.0     842.3    1300.9  219788.5  461208.6
   96495.0     846.5    1307.4  221112.4  463994.9
   96995.0     850.6    1313.9  222436.3  466781.3
   97495.0     854.8    1320.4  223760.2  469567.7
   97995.0     859.0    1326.9  225084.1  472354.1
   98495.0     863.2    1333.4  226408.0  475140.4
   98995.0     867.4    1339.9  227731.9  477926.8
   99495.0     871.6    1346.4  229055.8  480713.2
