# Characteristic  Pathlengths (in Angstroem) for Electron Transport in Ta
#
# ener(eV)      EMFP      IMFP     TRMFP      LNRG   
       5.0       0.7      57.3       0.7       0.1
      10.0       1.2      45.6       1.5       0.1
      15.0       1.5      31.4       2.1       0.1
      20.0       1.6      24.4       2.6       0.1
      25.0       1.6      19.4       3.0       0.1
      30.0       1.6      15.8       3.3       0.1
      35.0       1.6      12.2       3.7       0.1
      40.0       1.6       9.1       4.2       0.1
      45.0       1.6       7.6       4.7       1.4
      50.0       1.6       6.9       5.3       2.6
      55.0       1.6       6.5       5.9       3.7
      60.0       1.7       6.2       6.7       4.8
      65.0       1.7       6.1       7.4       5.7
      70.0       1.7       6.0       8.2       6.6
      75.0       1.7       5.9       9.1       7.5
      80.0       1.8       5.8       9.9       8.3
      85.0       1.8       5.7      10.8       9.1
      90.0       1.8       5.6      11.6       9.8
      95.0       1.9       5.6      12.4      10.5
     100.0       1.9       5.5      13.0      11.2
     105.0       1.9       5.4      13.7      11.9
     110.0       1.9       5.4      14.2      12.5
     115.0       2.0       5.4      14.8      13.2
     120.0       2.0       5.3      15.1      13.9
     125.0       2.0       5.3      15.5      14.5
     130.0       2.1       5.3      15.7      15.1
     135.0       2.1       5.3      16.0      15.8
     140.0       2.2       5.4      16.1      16.4
     145.0       2.2       5.4      16.2      17.0
     150.0       2.2       5.4      16.2      17.7
     155.0       2.3       5.5      16.2      18.3
     160.0       2.3       5.5      16.2      18.9
     165.0       2.3       5.6      16.2      19.5
     170.0       2.4       5.6      16.1      20.2
     175.0       2.4       5.7      16.1      20.8
     180.0       2.5       5.7      16.0      21.4
     185.0       2.5       5.8      15.9      22.0
     190.0       2.5       5.8      15.8      22.7
     195.0       2.6       5.9      15.7      23.3
     200.0       2.6       5.9      15.6      23.9
     205.0       2.7       6.0      15.5      24.5
     210.0       2.7       6.1      15.4      25.2
     215.0       2.7       6.1      15.4      25.8
     220.0       2.8       6.2      15.3      26.4
     225.0       2.8       6.2      15.2      27.0
     230.0       2.9       6.3      15.1      27.7
     235.0       2.9       6.4      15.1      28.3
     240.0       2.9       6.4      15.0      28.9
     245.0       3.0       6.5      15.0      29.6
     250.0       3.0       6.5      14.9      30.2
     255.0       3.0       6.6      14.9      30.8
     260.0       3.1       6.7      14.8      31.5
     265.0       3.1       6.7      14.8      32.1
     270.0       3.2       6.8      14.8      32.7
     275.0       3.2       6.8      14.7      33.4
     280.0       3.2       6.9      14.7      34.0
     285.0       3.3       7.0      14.7      34.7
     290.0       3.3       7.0      14.7      35.3
     295.0       3.3       7.1      14.6      36.0
     300.0       3.4       7.2      14.6      36.6
     305.0       3.4       7.2      14.6      37.3
     310.0       3.4       7.3      14.6      37.9
     315.0       3.5       7.3      14.6      38.6
     320.0       3.5       7.4      14.6      39.2
     325.0       3.5       7.5      14.7      39.9
     330.0       3.6       7.5      14.7      40.5
     335.0       3.6       7.6      14.7      41.2
     340.0       3.6       7.7      14.7      41.9
     345.0       3.6       7.7      14.7      42.5
     350.0       3.7       7.8      14.7      43.2
     355.0       3.7       7.8      14.8      43.8
     360.0       3.7       7.9      14.8      44.5
     365.0       3.8       8.0      14.8      45.2
     370.0       3.8       8.0      14.9      45.9
     375.0       3.8       8.1      14.9      46.5
     380.0       3.8       8.2      14.9      47.2
     385.0       3.9       8.2      15.0      47.9
     390.0       3.9       8.3      15.0      48.6
     395.0       3.9       8.3      15.0      49.2
     400.0       4.0       8.4      15.1      49.9
     405.0       4.0       8.5      15.1      50.6
     410.0       4.0       8.5      15.2      51.3
     415.0       4.0       8.6      15.2      52.0
     420.0       4.1       8.6      15.3      52.6
     425.0       4.1       8.7      15.3      53.3
     430.0       4.1       8.8      15.4      54.0
     435.0       4.1       8.8      15.4      54.7
     440.0       4.1       8.9      15.5      55.4
     445.0       4.2       8.9      15.5      56.1
     450.0       4.2       9.0      15.6      56.8
     455.0       4.2       9.1      15.7      57.5
     460.0       4.2       9.1      15.7      58.2
     465.0       4.3       9.2      15.8      58.9
     470.0       4.3       9.2      15.8      59.6
     475.0       4.3       9.3      15.9      60.3
     480.0       4.3       9.4      16.0      61.0
     485.0       4.4       9.4      16.0      61.7
     490.0       4.4       9.5      16.1      62.4
     495.0       4.4       9.5      16.2      63.1
     500.0       4.4       9.6      16.2      63.9
     505.0       4.4       9.7      16.3      64.6
     510.0       4.5       9.7      16.4      65.3
     515.0       4.5       9.8      16.5      66.0
     520.0       4.5       9.8      16.5      66.7
     525.0       4.5       9.9      16.6      67.4
     530.0       4.5       9.9      16.7      68.2
     535.0       4.6      10.0      16.7      68.9
     540.0       4.6      10.1      16.8      69.6
     545.0       4.6      10.1      16.9      70.3
     550.0       4.6      10.2      17.0      71.1
     555.0       4.6      10.2      17.1      71.8
     560.0       4.7      10.3      17.1      72.5
     565.0       4.7      10.4      17.2      73.3
     570.0       4.7      10.4      17.3      74.0
     575.0       4.7      10.5      17.4      74.7
     580.0       4.7      10.5      17.5      75.5
     585.0       4.7      10.6      17.5      76.2
     590.0       4.8      10.6      17.6      77.0
     595.0       4.8      10.7      17.7      77.7
     600.0       4.8      10.8      17.8      78.4
     605.0       4.8      10.8      17.9      79.2
     610.0       4.8      10.9      18.0      79.9
     615.0       4.8      10.9      18.0      80.7
     620.0       4.9      11.0      18.1      81.4
     625.0       4.9      11.1      18.2      82.2
     630.0       4.9      11.1      18.3      82.9
     635.0       4.9      11.2      18.4      83.7
     640.0       4.9      11.2      18.5      84.4
     645.0       4.9      11.3      18.6      85.2
     650.0       5.0      11.3      18.6      86.0
     655.0       5.0      11.4      18.7      86.7
     660.0       5.0      11.5      18.8      87.5
     665.0       5.0      11.5      18.9      88.3
     670.0       5.0      11.6      19.0      89.0
     675.0       5.0      11.6      19.1      89.8
     680.0       5.1      11.7      19.2      90.6
     685.0       5.1      11.7      19.3      91.3
     690.0       5.1      11.8      19.4      92.1
     695.0       5.1      11.9      19.5      92.9
     700.0       5.1      11.9      19.6      93.7
     705.0       5.1      12.0      19.7      94.4
     710.0       5.2      12.0      19.7      95.2
     715.0       5.2      12.1      19.8      96.0
     720.0       5.2      12.1      19.9      96.8
     725.0       5.2      12.2      20.0      97.6
     730.0       5.2      12.2      20.1      98.3
     735.0       5.2      12.3      20.2      99.1
     740.0       5.3      12.4      20.3      99.9
     745.0       5.3      12.4      20.4     100.7
     750.0       5.3      12.5      20.5     101.5
     755.0       5.3      12.5      20.6     102.3
     760.0       5.3      12.6      20.7     103.1
     765.0       5.3      12.6      20.8     103.9
     770.0       5.3      12.7      20.9     104.7
     775.0       5.4      12.7      21.0     105.5
     780.0       5.4      12.8      21.1     106.3
     785.0       5.4      12.9      21.2     107.1
     790.0       5.4      12.9      21.3     107.9
     795.0       5.4      13.0      21.4     108.7
     800.0       5.4      13.0      21.5     109.5
     805.0       5.4      13.1      21.6     110.3
     810.0       5.5      13.1      21.7     111.1
     815.0       5.5      13.2      21.8     111.9
     820.0       5.5      13.2      21.9     112.8
     825.0       5.5      13.3      22.0     113.6
     830.0       5.5      13.4      22.1     114.4
     835.0       5.5      13.4      22.2     115.2
     840.0       5.5      13.5      22.3     116.0
     845.0       5.6      13.5      22.4     116.8
     850.0       5.6      13.6      22.5     117.7
     855.0       5.6      13.6      22.6     118.5
     860.0       5.6      13.7      22.7     119.3
     865.0       5.6      13.7      22.8     120.1
     870.0       5.6      13.8      23.0     121.0
     875.0       5.6      13.9      23.1     121.8
     880.0       5.7      13.9      23.2     122.6
     885.0       5.7      14.0      23.3     123.5
     890.0       5.7      14.0      23.4     124.3
     895.0       5.7      14.1      23.5     125.1
     900.0       5.7      14.1      23.6     126.0
     905.0       5.7      14.2      23.7     126.8
     910.0       5.7      14.2      23.8     127.7
     915.0       5.7      14.3      23.9     128.5
     920.0       5.8      14.3      24.0     129.4
     925.0       5.8      14.4      24.1     130.2
     930.0       5.8      14.5      24.2     131.0
     935.0       5.8      14.5      24.3     131.9
     940.0       5.8      14.6      24.5     132.7
     945.0       5.8      14.6      24.6     133.6
     950.0       5.8      14.7      24.7     134.4
     955.0       5.9      14.7      24.8     135.3
     960.0       5.9      14.8      24.9     136.2
     965.0       5.9      14.8      25.0     137.0
     970.0       5.9      14.9      25.1     137.9
     975.0       5.9      14.9      25.2     138.7
     980.0       5.9      15.0      25.3     139.6
     985.0       5.9      15.1      25.4     140.5
     990.0       5.9      15.1      25.6     141.3
     995.0       6.0      15.2      25.7     142.2
    1000.0       6.0      15.2      25.8     143.1
    1005.0       6.0      15.3      25.9     144.0
    1010.0       6.0      15.3      26.0     144.8
    1015.0       6.0      15.4      26.1     145.7
    1020.0       6.0      15.4      26.2     146.6
    1025.0       6.0      15.5      26.3     147.5
    1030.0       6.1      15.5      26.5     148.4
    1035.0       6.1      15.6      26.6     149.2
    1040.0       6.1      15.6      26.7     150.1
    1045.0       6.1      15.7      26.8     151.0
    1050.0       6.1      15.7      26.9     151.9
    1055.0       6.1      15.8      27.0     152.8
    1060.0       6.1      15.9      27.1     153.7
    1065.0       6.1      15.9      27.3     154.6
    1070.0       6.2      16.0      27.4     155.5
    1075.0       6.2      16.0      27.5     156.4
    1080.0       6.2      16.1      27.6     157.3
    1085.0       6.2      16.1      27.7     158.2
    1090.0       6.2      16.2      27.8     159.1
    1095.0       6.2      16.2      28.0     159.9
    1100.0       6.2      16.3      28.1     160.9
    1105.0       6.2      16.3      28.2     161.8
    1110.0       6.3      16.4      28.3     162.7
    1115.0       6.3      16.4      28.4     163.6
    1120.0       6.3      16.5      28.5     164.5
    1125.0       6.3      16.5      28.7     165.4
    1130.0       6.3      16.6      28.8     166.3
    1135.0       6.3      16.6      28.9     167.2
    1140.0       6.3      16.7      29.0     168.1
    1145.0       6.3      16.8      29.1     169.0
    1150.0       6.4      16.8      29.3     170.0
    1155.0       6.4      16.9      29.4     170.9
    1160.0       6.4      16.9      29.5     171.8
    1165.0       6.4      17.0      29.6     172.7
    1170.0       6.4      17.0      29.7     173.7
    1175.0       6.4      17.1      29.9     174.6
    1180.0       6.4      17.1      30.0     175.5
    1185.0       6.4      17.2      30.1     176.4
    1190.0       6.4      17.2      30.2     177.4
    1195.0       6.5      17.3      30.3     178.3
    1200.0       6.5      17.3      30.5     179.2
    1205.0       6.5      17.4      30.6     180.2
    1210.0       6.5      17.4      30.7     181.1
    1215.0       6.5      17.5      30.8     182.1
    1220.0       6.5      17.5      30.9     183.0
    1225.0       6.5      17.6      31.1     183.9
    1230.0       6.5      17.6      31.2     184.9
    1235.0       6.6      17.7      31.3     185.8
    1240.0       6.6      17.8      31.4     186.8
    1245.0       6.6      17.8      31.6     187.7
    1250.0       6.6      17.9      31.7     188.7
    1255.0       6.6      17.9      31.8     189.6
    1260.0       6.6      18.0      31.9     190.6
    1265.0       6.6      18.0      32.1     191.5
    1270.0       6.6      18.1      32.2     192.5
    1275.0       6.6      18.1      32.3     193.4
    1280.0       6.7      18.2      32.4     194.4
    1285.0       6.7      18.2      32.5     195.3
    1290.0       6.7      18.3      32.7     196.3
    1295.0       6.7      18.3      32.8     197.2
    1300.0       6.7      18.4      32.9     198.2
    1305.0       6.7      18.4      33.0     199.2
    1310.0       6.7      18.5      33.2     200.1
    1315.0       6.7      18.5      33.3     201.1
    1320.0       6.8      18.6      33.4     202.1
    1325.0       6.8      18.6      33.5     203.1
    1330.0       6.8      18.7      33.7     204.0
    1335.0       6.8      18.7      33.8     205.0
    1340.0       6.8      18.8      33.9     206.0
    1345.0       6.8      18.8      34.1     206.9
    1350.0       6.8      18.9      34.2     207.9
    1355.0       6.8      18.9      34.3     208.9
    1360.0       6.8      19.0      34.4     209.9
    1365.0       6.9      19.0      34.6     210.9
    1370.0       6.9      19.1      34.7     211.9
    1375.0       6.9      19.1      34.8     212.8
    1380.0       6.9      19.2      34.9     213.8
    1385.0       6.9      19.3      35.1     214.8
    1390.0       6.9      19.3      35.2     215.8
    1395.0       6.9      19.4      35.3     216.8
    1400.0       6.9      19.4      35.5     217.8
    1405.0       6.9      19.5      35.6     218.8
    1410.0       7.0      19.5      35.7     219.8
    1415.0       7.0      19.6      35.8     220.8
    1420.0       7.0      19.6      36.0     221.8
    1425.0       7.0      19.7      36.1     222.8
    1430.0       7.0      19.7      36.2     223.8
    1435.0       7.0      19.8      36.4     224.8
    1440.0       7.0      19.8      36.5     225.8
    1445.0       7.0      19.9      36.6     226.8
    1450.0       7.1      19.9      36.8     227.8
    1455.0       7.1      20.0      36.9     228.8
    1460.0       7.1      20.0      37.0     229.8
    1465.0       7.1      20.1      37.2     230.8
    1470.0       7.1      20.1      37.3     231.8
    1475.0       7.1      20.2      37.4     232.9
    1480.0       7.1      20.2      37.5     233.9
    1485.0       7.1      20.3      37.7     234.9
    1490.0       7.1      20.3      37.8     235.9
    1495.0       7.2      20.4      37.9     236.9
    1500.0       7.2      20.4      38.1     237.9
    1505.0       7.2      20.5      38.2     239.0
    1510.0       7.2      20.5      38.3     240.0
    1515.0       7.2      20.6      38.5     241.0
    1520.0       7.2      20.6      38.6     242.1
    1525.0       7.2      20.7      38.7     243.1
    1530.0       7.2      20.7      38.9     244.1
    1535.0       7.2      20.8      39.0     245.1
    1540.0       7.2      20.8      39.1     246.2
    1545.0       7.3      20.9      39.3     247.2
    1550.0       7.3      20.9      39.4     248.2
    1555.0       7.3      21.0      39.5     249.3
    1560.0       7.3      21.0      39.7     250.3
    1565.0       7.3      21.1      39.8     251.4
    1570.0       7.3      21.1      39.9     252.4
    1575.0       7.3      21.2      40.1     253.5
    1580.0       7.3      21.2      40.2     254.5
    1585.0       7.3      21.3      40.3     255.5
    1590.0       7.4      21.3      40.5     256.6
    1595.0       7.4      21.4      40.6     257.6
    1600.0       7.4      21.4      40.8     258.7
    1605.0       7.4      21.5      40.9     259.7
    1610.0       7.4      21.5      41.0     260.8
    1615.0       7.4      21.6      41.2     261.9
    1620.0       7.4      21.6      41.3     262.9
    1625.0       7.4      21.7      41.4     264.0
    1630.0       7.4      21.7      41.6     265.0
    1635.0       7.5      21.8      41.7     266.1
    1640.0       7.5      21.8      41.8     267.1
    1645.0       7.5      21.9      42.0     268.2
    1650.0       7.5      21.9      42.1     269.3
    1655.0       7.5      22.0      42.3     270.4
    1660.0       7.5      22.0      42.4     271.4
    1665.0       7.5      22.1      42.5     272.5
    1670.0       7.5      22.1      42.7     273.6
    1675.0       7.5      22.2      42.8     274.6
    1680.0       7.5      22.2      43.0     275.7
    1685.0       7.6      22.3      43.1     276.8
    1690.0       7.6      22.3      43.2     277.9
    1695.0       7.6      22.4      43.4     278.9
    1700.0       7.6      22.4      43.5     280.0
    1705.0       7.6      22.5      43.6     281.1
    1710.0       7.6      22.5      43.8     282.2
    1715.0       7.6      22.6      43.9     283.3
    1720.0       7.6      22.6      44.1     284.4
    1725.0       7.6      22.7      44.2     285.5
    1730.0       7.7      22.7      44.3     286.5
    1735.0       7.7      22.8      44.5     287.6
    1740.0       7.7      22.8      44.6     288.7
    1745.0       7.7      22.9      44.8     289.8
    1750.0       7.7      22.9      44.9     290.9
    1755.0       7.7      23.0      45.0     292.0
    1760.0       7.7      23.0      45.2     293.1
    1765.0       7.7      23.1      45.3     294.2
    1770.0       7.7      23.1      45.5     295.3
    1775.0       7.7      23.2      45.6     296.4
    1780.0       7.8      23.2      45.8     297.5
    1785.0       7.8      23.3      45.9     298.6
    1790.0       7.8      23.3      46.0     299.7
    1795.0       7.8      23.4      46.2     300.8
    1800.0       7.8      23.4      46.3     301.9
    1805.0       7.8      23.5      46.5     303.1
    1810.0       7.8      23.5      46.6     304.2
    1815.0       7.8      23.6      46.7     305.3
    1820.0       7.8      23.6      46.9     306.4
    1825.0       7.8      23.7      47.0     307.5
    1830.0       7.9      23.7      47.2     308.6
    1835.0       7.9      23.8      47.3     309.8
    1840.0       7.9      23.8      47.5     310.9
    1845.0       7.9      23.9      47.6     312.0
    1850.0       7.9      23.9      47.7     313.1
    1855.0       7.9      24.0      47.9     314.3
    1860.0       7.9      24.0      48.0     315.4
    1865.0       7.9      24.1      48.2     316.5
    1870.0       7.9      24.1      48.3     317.7
    1875.0       8.0      24.2      48.5     318.8
    1880.0       8.0      24.2      48.6     319.9
    1885.0       8.0      24.3      48.8     321.1
    1890.0       8.0      24.3      48.9     322.2
    1895.0       8.0      24.4      49.0     323.3
    1900.0       8.0      24.4      49.2     324.5
    1905.0       8.0      24.5      49.3     325.6
    1910.0       8.0      24.5      49.5     326.8
    1915.0       8.0      24.6      49.6     327.9
    1920.0       8.0      24.6      49.8     329.0
    1925.0       8.1      24.7      49.9     330.2
    1930.0       8.1      24.7      50.1     331.3
    1935.0       8.1      24.8      50.2     332.5
    1940.0       8.1      24.8      50.4     333.6
    1945.0       8.1      24.9      50.5     334.8
    1950.0       8.1      24.9      50.7     335.9
    1955.0       8.1      25.0      50.8     337.1
    1960.0       8.1      25.0      51.0     338.3
    1965.0       8.1      25.1      51.1     339.4
    1970.0       8.1      25.1      51.2     340.6
    1975.0       8.2      25.2      51.4     341.7
    1980.0       8.2      25.2      51.5     342.9
    1985.0       8.2      25.3      51.7     344.1
    1990.0       8.2      25.3      51.8     345.2
    1995.0       8.2      25.4      52.0     346.4
    2495.0       9.1      30.2      67.5     471.2
    2995.0      10.0      34.9      84.4     610.4
    3495.0      10.8      39.5     102.6     763.8
    3995.0      11.6      44.0     121.9     930.4
    4495.0      12.3      48.4     142.4    1109.0
    4995.0      13.0      52.7     163.9    1298.9
    5495.0      13.7      57.0     186.5    1499.8
    5995.0      14.3      61.2     210.0    1711.4
    6495.0      15.0      65.4     234.5    1933.6
    6995.0      15.6      69.6     259.9    2166.2
    7495.0      16.2      73.7     286.3    2409.1
    7995.0      16.8      77.7     313.5    2662.3
    8495.0      17.4      81.8     341.6    2925.7
    8995.0      17.9      85.8     370.5    3199.1
    9495.0      18.5      89.8     400.3    3482.5
    9995.0      19.0      93.7     430.8    3775.9
   10495.0      19.6      97.7     462.2    4079.1
   10995.0      20.1     101.6     494.3    4392.2
   11495.0      20.6     105.5     527.2    4715.0
   11995.0      21.1     109.4     560.9    5047.5
   12495.0      21.6     113.2     595.2    5389.6
   12995.0      22.1     117.0     630.3    5741.4
   13495.0      22.6     120.9     666.2    6102.7
   13995.0      23.1     124.7     702.7    6473.4
   14495.0      23.6     128.4     739.9    6853.7
   14995.0      24.1     132.2     777.8    7243.3
   15495.0      24.5     136.0     816.4    7642.3
   15995.0      25.0     139.7     855.6    8050.6
   16495.0      25.4     143.4     895.6    8468.2
   16995.0      25.9     147.1     936.1    8895.0
   17495.0      26.3     150.8     977.3    9331.0
   17995.0      26.8     154.5    1019.2    9776.2
   18495.0      27.2     158.2    1061.6   10230.5
   18995.0      27.7     161.9    1104.7   10693.9
   19495.0      28.1     165.5    1148.4   11166.3
   19995.0      28.5     169.2    1192.8   11647.8
   20495.0      28.9     172.8    1237.7   12138.2
   20995.0      29.4     176.4    1283.2   12637.6
   21495.0      29.8     180.0    1329.3   13145.8
   21995.0      30.2     183.6    1376.0   13662.8
   22495.0      30.6     187.2    1423.3   14188.7
   22995.0      31.0     190.8    1471.1   14723.2
   23495.0      31.4     194.4    1519.5   15266.5
   23995.0      31.8     198.0    1568.5   15818.3
   24495.0      32.2     201.5    1618.1   16378.8
   24995.0      32.6     205.1    1668.2   16947.8
   25495.0      33.0     208.6    1718.8   17525.3
   25995.0      33.4     212.1    1770.0   18111.4
   26495.0      33.8     215.7    1821.8   18705.8
   26995.0      34.2     219.2    1874.1   19308.7
   27495.0      34.6     222.7    1926.9   19920.0
   27995.0      34.9     226.2    1980.2   20539.7
   28495.0      35.3     229.7    2034.1   21167.7
   28995.0      35.7     233.2    2088.5   21804.1
   29495.0      36.1     236.7    2143.4   22448.7
   29995.0      36.4     240.1    2198.8   23101.7
   30495.0      36.8     243.6    2254.4   23757.9
   30995.0      37.2     247.1    2310.0   24414.1
   31495.0      37.6     250.6    2365.7   25070.2
   31995.0      37.9     254.0    2421.3   25726.4
   32495.0      38.3     257.5    2476.9   26382.6
   32995.0      38.7     261.0    2532.5   27038.8
   33495.0      39.0     264.5    2588.2   27695.0
   33995.0      39.4     267.9    2643.8   28351.2
   34495.0      39.8     271.4    2699.4   29007.4
   34995.0      40.1     274.9    2755.0   29663.6
   35495.0      40.5     278.4    2810.7   30319.8
   35995.0      40.9     281.8    2866.3   30976.0
   36495.0      41.3     285.3    2921.9   31632.2
   36995.0      41.6     288.8    2977.5   32288.4
   37495.0      42.0     292.3    3033.2   32944.6
   37995.0      42.4     295.7    3088.8   33600.8
   38495.0      42.7     299.2    3144.4   34257.0
   38995.0      43.1     302.7    3200.0   34913.2
   39495.0      43.5     306.2    3255.7   35569.4
   39995.0      43.8     309.6    3311.3   36225.6
   40495.0      44.2     313.1    3366.9   36881.8
   40995.0      44.6     316.6    3422.5   37538.0
   41495.0      45.0     320.1    3478.2   38194.2
   41995.0      45.3     323.5    3533.8   38850.4
   42495.0      45.7     327.0    3589.4   39506.6
   42995.0      46.1     330.5    3645.0   40162.8
   43495.0      46.4     333.9    3700.7   40819.0
   43995.0      46.8     337.4    3756.3   41475.2
   44495.0      47.2     340.9    3811.9   42131.4
   44995.0      47.5     344.4    3867.5   42787.6
   45495.0      47.9     347.8    3923.2   43443.8
   45995.0      48.3     351.3    3978.8   44100.0
   46495.0      48.7     354.8    4034.4   44756.2
   46995.0      49.0     358.3    4090.0   45412.4
   47495.0      49.4     361.7    4145.7   46068.6
   47995.0      49.8     365.2    4201.3   46724.8
   48495.0      50.1     368.7    4256.9   47381.0
   48995.0      50.5     372.2    4312.5   48037.2
   49495.0      50.9     375.6    4368.2   48693.4
   49995.0      51.2     379.1    4423.8   49349.6
   50495.0      51.6     382.6    4479.4   50005.8
   50995.0      52.0     386.1    4535.0   50662.0
   51495.0      52.4     389.5    4590.7   51318.2
   51995.0      52.7     393.0    4646.3   51974.4
   52495.0      53.1     396.5    4701.9   52630.6
   52995.0      53.5     400.0    4757.5   53286.8
   53495.0      53.8     403.4    4813.2   53943.0
   53995.0      54.2     406.9    4868.8   54599.2
   54495.0      54.6     410.4    4924.4   55255.4
   54995.0      54.9     413.8    4980.0   55911.6
   55495.0      55.3     417.3    5035.7   56567.8
   55995.0      55.7     420.8    5091.3   57224.0
   56495.0      56.1     424.3    5146.9   57880.2
   56995.0      56.4     427.7    5202.5   58536.4
   57495.0      56.8     431.2    5258.2   59192.6
   57995.0      57.2     434.7    5313.8   59848.8
   58495.0      57.5     438.2    5369.4   60505.0
   58995.0      57.9     441.6    5425.0   61161.2
   59495.0      58.3     445.1    5480.7   61817.4
   59995.0      58.7     448.6    5536.3   62473.6
   60495.0      59.0     452.1    5591.9   63129.8
   60995.0      59.4     455.5    5647.5   63786.0
   61495.0      59.8     459.0    5703.2   64442.2
   61995.0      60.1     462.5    5758.8   65098.4
   62495.0      60.5     466.0    5814.4   65754.6
   62995.0      60.9     469.4    5870.0   66410.8
   63495.0      61.2     472.9    5925.7   67067.0
   63995.0      61.6     476.4    5981.3   67723.2
   64495.0      62.0     479.9    6036.9   68379.4
   64995.0      62.4     483.3    6092.5   69035.6
   65495.0      62.7     486.8    6148.2   69691.8
   65995.0      63.1     490.3    6203.8   70348.0
   66495.0      63.5     493.8    6259.4   71004.1
   66995.0      63.8     497.2    6315.0   71660.3
   67495.0      64.2     500.7    6370.7   72316.5
   67995.0      64.6     504.2    6426.3   72972.7
   68495.0      64.9     507.6    6481.9   73628.9
   68995.0      65.3     511.1    6537.5   74285.1
   69495.0      65.7     514.6    6593.2   74941.3
   69995.0      66.1     518.1    6648.8   75597.5
   70495.0      66.4     521.5    6704.4   76253.7
   70995.0      66.8     525.0    6760.0   76909.9
   71495.0      67.2     528.5    6815.7   77566.1
   71995.0      67.5     532.0    6871.3   78222.3
   72495.0      67.9     535.4    6926.9   78878.5
   72995.0      68.3     538.9    6982.5   79534.7
   73495.0      68.6     542.4    7038.2   80190.9
   73995.0      69.0     545.9    7093.8   80847.1
   74495.0      69.4     549.3    7149.4   81503.3
   74995.0      69.8     552.8    7205.0   82159.5
   75495.0      70.1     556.3    7260.7   82815.7
   75995.0      70.5     559.8    7316.3   83471.9
   76495.0      70.9     563.2    7371.9   84128.1
   76995.0      71.2     566.7    7427.5   84784.3
   77495.0      71.6     570.2    7483.2   85440.5
   77995.0      72.0     573.7    7538.8   86096.7
   78495.0      72.3     577.1    7594.4   86752.9
   78995.0      72.7     580.6    7650.0   87409.1
   79495.0      73.1     584.1    7705.7   88065.3
   79995.0      73.5     587.6    7761.3   88721.5
   80495.0      73.8     591.0    7816.9   89377.7
   80995.0      74.2     594.5    7872.5   90033.9
   81495.0      74.6     598.0    7928.2   90690.1
   81995.0      74.9     601.4    7983.8   91346.3
   82495.0      75.3     604.9    8039.4   92002.5
   82995.0      75.7     608.4    8095.1   92658.7
   83495.0      76.0     611.9    8150.7   93314.9
   83995.0      76.4     615.3    8206.3   93971.1
   84495.0      76.8     618.8    8261.9   94627.3
   84995.0      77.2     622.3    8317.6   95283.5
   85495.0      77.5     625.8    8373.2   95939.7
   85995.0      77.9     629.2    8428.8   96595.9
   86495.0      78.3     632.7    8484.4   97252.1
   86995.0      78.6     636.2    8540.1   97908.3
   87495.0      79.0     639.7    8595.7   98564.5
   87995.0      79.4     643.1    8651.3   99220.7
   88495.0      79.7     646.6    8706.9   99876.9
   88995.0      80.1     650.1    8762.6  100533.1
   89495.0      80.5     653.6    8818.2  101189.3
   89995.0      80.9     657.0    8873.8  101845.5
   90495.0      81.2     660.5    8929.4  102501.7
   90995.0      81.6     664.0    8985.1  103157.9
   91495.0      82.0     667.5    9040.7  103814.1
   91995.0      82.3     670.9    9096.3  104470.3
   92495.0      82.7     674.4    9151.9  105126.5
   92995.0      83.1     677.9    9207.6  105782.7
   93495.0      83.5     681.4    9263.2  106438.9
   93995.0      83.8     684.8    9318.8  107095.1
   94495.0      84.2     688.3    9374.4  107751.3
   94995.0      84.6     691.8    9430.1  108407.5
   95495.0      84.9     695.2    9485.7  109063.7
   95995.0      85.3     698.7    9541.3  109719.9
   96495.0      85.7     702.2    9596.9  110376.1
   96995.0      86.0     705.7    9652.6  111032.3
   97495.0      86.4     709.1    9708.2  111688.5
   97995.0      86.8     712.6    9763.8  112344.7
   98495.0      87.2     716.1    9819.4  113000.9
   98995.0      87.5     719.6    9875.1  113657.1
   99495.0      87.9     723.0    9930.7  114313.3
