# Characteristic  Pathlengths (in Angstroem) for Electron Transport in V
#
# ener(eV)      EMFP      IMFP     TRMFP      LNRG   
       5.0       2.0      42.3       2.4       0.1
      10.0       1.3      19.8       1.5       0.1
      15.0       1.0      12.7       1.4       0.1
      20.0       1.0       9.7       1.6       0.1
      25.0       1.1       8.0       2.0       0.1
      30.0       1.2       7.0       2.5       0.1
      35.0       1.3       6.2       3.0       0.1
      40.0       1.5       5.8       3.4       0.1
      45.0       1.6       5.5       3.7       1.5
      50.0       1.7       5.3       4.0       2.9
      55.0       1.9       5.2       4.2       4.2
      60.0       2.0       5.2       4.5       5.5
      65.0       2.1       5.2       4.7       6.7
      70.0       2.2       5.2       4.8       7.9
      75.0       2.2       5.3       5.0       9.1
      80.0       2.3       5.3       5.2      10.2
      85.0       2.4       5.4       5.3      11.4
      90.0       2.5       5.4       5.5      12.5
      95.0       2.6       5.5       5.6      13.6
     100.0       2.6       5.6       5.8      14.7
     105.0       2.7       5.7       5.9      15.8
     110.0       2.8       5.7       6.1      16.8
     115.0       2.8       5.8       6.3      17.9
     120.0       2.9       5.9       6.4      19.0
     125.0       3.0       6.0       6.6      20.1
     130.0       3.0       6.1       6.8      21.1
     135.0       3.1       6.2       6.9      22.2
     140.0       3.1       6.3       7.1      23.3
     145.0       3.2       6.3       7.3      24.3
     150.0       3.2       6.4       7.4      25.4
     155.0       3.3       6.5       7.6      26.5
     160.0       3.4       6.6       7.8      27.5
     165.0       3.4       6.7       8.0      28.6
     170.0       3.5       6.8       8.2      29.7
     175.0       3.5       6.9       8.3      30.7
     180.0       3.6       7.0       8.5      31.8
     185.0       3.6       7.1       8.7      32.9
     190.0       3.7       7.2       8.9      34.0
     195.0       3.7       7.3       9.1      35.1
     200.0       3.8       7.4       9.3      36.2
     205.0       3.8       7.5       9.5      37.3
     210.0       3.9       7.6       9.7      38.4
     215.0       3.9       7.7       9.9      39.5
     220.0       4.0       7.8      10.1      40.6
     225.0       4.0       7.9      10.3      41.7
     230.0       4.0       8.0      10.5      42.8
     235.0       4.1       8.1      10.7      43.9
     240.0       4.1       8.2      10.9      45.0
     245.0       4.2       8.3      11.1      46.2
     250.0       4.2       8.4      11.3      47.3
     255.0       4.3       8.5      11.5      48.4
     260.0       4.3       8.6      11.8      49.6
     265.0       4.3       8.7      12.0      50.7
     270.0       4.4       8.8      12.2      51.9
     275.0       4.4       8.9      12.4      53.0
     280.0       4.5       9.0      12.6      54.2
     285.0       4.5       9.1      12.8      55.4
     290.0       4.6       9.2      13.1      56.5
     295.0       4.6       9.3      13.3      57.7
     300.0       4.6       9.4      13.5      58.9
     305.0       4.7       9.4      13.7      60.1
     310.0       4.7       9.5      14.0      61.3
     315.0       4.7       9.6      14.2      62.5
     320.0       4.8       9.7      14.4      63.7
     325.0       4.8       9.8      14.7      64.9
     330.0       4.9       9.9      14.9      66.1
     335.0       4.9      10.0      15.1      67.3
     340.0       4.9      10.1      15.4      68.6
     345.0       5.0      10.2      15.6      69.8
     350.0       5.0      10.3      15.8      71.0
     355.0       5.0      10.4      16.1      72.3
     360.0       5.1      10.5      16.3      73.5
     365.0       5.1      10.6      16.6      74.8
     370.0       5.2      10.7      16.8      76.0
     375.0       5.2      10.8      17.1      77.3
     380.0       5.2      10.9      17.3      78.6
     385.0       5.3      11.0      17.6      79.8
     390.0       5.3      11.1      17.8      81.1
     395.0       5.3      11.2      18.1      82.4
     400.0       5.4      11.3      18.3      83.7
     405.0       5.4      11.4      18.6      85.0
     410.0       5.4      11.4      18.8      86.3
     415.0       5.5      11.5      19.1      87.6
     420.0       5.5      11.6      19.3      88.9
     425.0       5.5      11.7      19.6      90.2
     430.0       5.6      11.8      19.9      91.6
     435.0       5.6      11.9      20.1      92.9
     440.0       5.6      12.0      20.4      94.2
     445.0       5.7      12.1      20.6      95.6
     450.0       5.7      12.2      20.9      96.9
     455.0       5.7      12.3      21.2      98.3
     460.0       5.8      12.4      21.4      99.6
     465.0       5.8      12.5      21.7     101.0
     470.0       5.8      12.6      22.0     102.4
     475.0       5.9      12.7      22.3     103.8
     480.0       5.9      12.8      22.5     105.1
     485.0       5.9      12.8      22.8     106.5
     490.0       6.0      12.9      23.1     107.9
     495.0       6.0      13.0      23.4     109.3
     500.0       6.0      13.1      23.6     110.7
     505.0       6.0      13.2      23.9     112.2
     510.0       6.1      13.3      24.2     113.6
     515.0       6.1      13.4      24.5     115.0
     520.0       6.1      13.5      24.8     116.4
     525.0       6.2      13.6      25.0     117.9
     530.0       6.2      13.7      25.3     119.3
     535.0       6.2      13.8      25.6     120.7
     540.0       6.3      13.9      25.9     122.2
     545.0       6.3      13.9      26.2     123.7
     550.0       6.3      14.0      26.5     125.1
     555.0       6.4      14.1      26.8     126.6
     560.0       6.4      14.2      27.1     128.1
     565.0       6.4      14.3      27.4     129.6
     570.0       6.4      14.4      27.6     131.0
     575.0       6.5      14.5      27.9     132.5
     580.0       6.5      14.6      28.2     134.0
     585.0       6.5      14.7      28.5     135.6
     590.0       6.6      14.8      28.8     137.1
     595.0       6.6      14.9      29.1     138.6
     600.0       6.6      14.9      29.4     140.1
     605.0       6.6      15.0      29.7     141.6
     610.0       6.7      15.1      30.0     143.2
     615.0       6.7      15.2      30.3     144.7
     620.0       6.7      15.3      30.7     146.3
     625.0       6.8      15.4      31.0     147.8
     630.0       6.8      15.5      31.3     149.4
     635.0       6.8      15.6      31.6     150.9
     640.0       6.8      15.7      31.9     152.5
     645.0       6.9      15.8      32.2     154.1
     650.0       6.9      15.8      32.5     155.7
     655.0       6.9      15.9      32.8     157.2
     660.0       7.0      16.0      33.1     158.8
     665.0       7.0      16.1      33.5     160.4
     670.0       7.0      16.2      33.8     162.0
     675.0       7.0      16.3      34.1     163.6
     680.0       7.1      16.4      34.4     165.3
     685.0       7.1      16.5      34.7     166.9
     690.0       7.1      16.6      35.1     168.5
     695.0       7.2      16.6      35.4     170.1
     700.0       7.2      16.7      35.7     171.8
     705.0       7.2      16.8      36.0     173.4
     710.0       7.2      16.9      36.3     175.1
     715.0       7.3      17.0      36.7     176.7
     720.0       7.3      17.1      37.0     178.4
     725.0       7.3      17.2      37.3     180.1
     730.0       7.3      17.3      37.7     181.8
     735.0       7.4      17.3      38.0     183.4
     740.0       7.4      17.4      38.3     185.1
     745.0       7.4      17.5      38.7     186.8
     750.0       7.5      17.6      39.0     188.5
     755.0       7.5      17.7      39.3     190.2
     760.0       7.5      17.8      39.7     191.9
     765.0       7.5      17.9      40.0     193.6
     770.0       7.6      18.0      40.3     195.4
     775.0       7.6      18.0      40.7     197.1
     780.0       7.6      18.1      41.0     198.8
     785.0       7.6      18.2      41.4     200.6
     790.0       7.7      18.3      41.7     202.3
     795.0       7.7      18.4      42.0     204.0
     800.0       7.7      18.5      42.4     205.8
     805.0       7.7      18.6      42.7     207.6
     810.0       7.8      18.7      43.1     209.3
     815.0       7.8      18.7      43.4     211.1
     820.0       7.8      18.8      43.8     212.9
     825.0       7.8      18.9      44.1     214.7
     830.0       7.9      19.0      44.5     216.5
     835.0       7.9      19.1      44.8     218.2
     840.0       7.9      19.2      45.2     220.1
     845.0       8.0      19.3      45.5     221.9
     850.0       8.0      19.4      45.9     223.7
     855.0       8.0      19.4      46.2     225.5
     860.0       8.0      19.5      46.6     227.3
     865.0       8.1      19.6      47.0     229.1
     870.0       8.1      19.7      47.3     231.0
     875.0       8.1      19.8      47.7     232.8
     880.0       8.1      19.9      48.0     234.7
     885.0       8.2      20.0      48.4     236.5
     890.0       8.2      20.0      48.8     238.4
     895.0       8.2      20.1      49.1     240.2
     900.0       8.2      20.2      49.5     242.1
     905.0       8.3      20.3      49.9     244.0
     910.0       8.3      20.4      50.2     245.9
     915.0       8.3      20.5      50.6     247.7
     920.0       8.3      20.6      51.0     249.6
     925.0       8.4      20.6      51.3     251.5
     930.0       8.4      20.7      51.7     253.4
     935.0       8.4      20.8      52.1     255.4
     940.0       8.4      20.9      52.5     257.3
     945.0       8.5      21.0      52.8     259.2
     950.0       8.5      21.1      53.2     261.1
     955.0       8.5      21.1      53.6     263.0
     960.0       8.5      21.2      54.0     265.0
     965.0       8.6      21.3      54.3     266.9
     970.0       8.6      21.4      54.7     268.9
     975.0       8.6      21.5      55.1     270.8
     980.0       8.6      21.6      55.5     272.8
     985.0       8.7      21.7      55.9     274.8
     990.0       8.7      21.7      56.2     276.7
     995.0       8.7      21.8      56.6     278.7
    1000.0       8.7      21.9      57.0     280.7
    1005.0       8.8      22.0      57.4     282.7
    1010.0       8.8      22.1      57.8     284.7
    1015.0       8.8      22.2      58.2     286.7
    1020.0       8.8      22.2      58.6     288.8
    1025.0       8.9      22.3      59.0     290.8
    1030.0       8.9      22.4      59.3     292.8
    1035.0       8.9      22.5      59.7     294.8
    1040.0       8.9      22.6      60.1     296.8
    1045.0       9.0      22.7      60.5     298.8
    1050.0       9.0      22.7      60.9     300.9
    1055.0       9.0      22.8      61.3     302.9
    1060.0       9.0      22.9      61.7     305.0
    1065.0       9.0      23.0      62.1     307.0
    1070.0       9.1      23.1      62.5     309.1
    1075.0       9.1      23.2      62.9     311.1
    1080.0       9.1      23.2      63.3     313.2
    1085.0       9.1      23.3      63.7     315.2
    1090.0       9.2      23.4      64.1     317.3
    1095.0       9.2      23.5      64.5     319.3
    1100.0       9.2      23.6      64.9     321.4
    1105.0       9.2      23.7      65.3     323.5
    1110.0       9.3      23.7      65.7     325.6
    1115.0       9.3      23.8      66.1     327.6
    1120.0       9.3      23.9      66.5     329.7
    1125.0       9.3      24.0      66.9     331.8
    1130.0       9.4      24.1      67.4     333.9
    1135.0       9.4      24.1      67.8     336.0
    1140.0       9.4      24.2      68.2     338.1
    1145.0       9.4      24.3      68.6     340.2
    1150.0       9.5      24.4      69.0     342.3
    1155.0       9.5      24.5      69.4     344.4
    1160.0       9.5      24.5      69.8     346.5
    1165.0       9.5      24.6      70.2     348.7
    1170.0       9.5      24.7      70.7     350.8
    1175.0       9.6      24.8      71.1     352.9
    1180.0       9.6      24.9      71.5     355.0
    1185.0       9.6      25.0      71.9     357.2
    1190.0       9.6      25.0      72.3     359.3
    1195.0       9.7      25.1      72.7     361.4
    1200.0       9.7      25.2      73.2     363.6
    1205.0       9.7      25.3      73.6     365.7
    1210.0       9.7      25.4      74.0     367.9
    1215.0       9.8      25.4      74.5     370.0
    1220.0       9.8      25.5      74.9     372.2
    1225.0       9.8      25.6      75.3     374.3
    1230.0       9.8      25.7      75.7     376.5
    1235.0       9.9      25.8      76.2     378.7
    1240.0       9.9      25.8      76.6     380.8
    1245.0       9.9      25.9      77.0     383.0
    1250.0       9.9      26.0      77.4     385.2
    1255.0       9.9      26.1      77.9     387.3
    1260.0      10.0      26.2      78.3     389.5
    1265.0      10.0      26.2      78.8     391.7
    1270.0      10.0      26.3      79.2     393.9
    1275.0      10.0      26.4      79.6     396.1
    1280.0      10.1      26.5      80.1     398.3
    1285.0      10.1      26.6      80.5     400.5
    1290.0      10.1      26.6      80.9     402.7
    1295.0      10.1      26.7      81.4     404.8
    1300.0      10.2      26.8      81.8     407.1
    1305.0      10.2      26.9      82.3     409.3
    1310.0      10.2      27.0      82.7     411.5
    1315.0      10.2      27.0      83.1     413.7
    1320.0      10.2      27.1      83.6     416.0
    1325.0      10.3      27.2      84.0     418.2
    1330.0      10.3      27.3      84.5     420.4
    1335.0      10.3      27.4      84.9     422.6
    1340.0      10.3      27.4      85.4     424.8
    1345.0      10.4      27.5      85.8     427.1
    1350.0      10.4      27.6      86.3     429.3
    1355.0      10.4      27.7      86.7     431.6
    1360.0      10.4      27.7      87.2     433.8
    1365.0      10.4      27.8      87.6     436.1
    1370.0      10.5      27.9      88.1     438.3
    1375.0      10.5      28.0      88.5     440.6
    1380.0      10.5      28.1      89.0     442.8
    1385.0      10.5      28.1      89.4     445.1
    1390.0      10.6      28.2      89.9     447.3
    1395.0      10.6      28.3      90.3     449.6
    1400.0      10.6      28.4      90.8     451.9
    1405.0      10.6      28.5      91.3     454.1
    1410.0      10.6      28.5      91.7     456.4
    1415.0      10.7      28.6      92.2     458.7
    1420.0      10.7      28.7      92.7     461.0
    1425.0      10.7      28.8      93.1     463.3
    1430.0      10.7      28.9      93.6     465.6
    1435.0      10.8      28.9      94.0     467.9
    1440.0      10.8      29.0      94.5     470.1
    1445.0      10.8      29.1      95.0     472.4
    1450.0      10.8      29.2      95.4     474.7
    1455.0      10.9      29.2      95.9     477.1
    1460.0      10.9      29.3      96.4     479.4
    1465.0      10.9      29.4      96.8     481.7
    1470.0      10.9      29.5      97.3     484.0
    1475.0      10.9      29.6      97.8     486.3
    1480.0      11.0      29.6      98.3     488.6
    1485.0      11.0      29.7      98.7     490.9
    1490.0      11.0      29.8      99.2     493.3
    1495.0      11.0      29.9      99.7     495.6
    1500.0      11.0      29.9     100.1     497.9
    1505.0      11.1      30.0     100.6     500.3
    1510.0      11.1      30.1     101.1     502.6
    1515.0      11.1      30.2     101.6     505.0
    1520.0      11.1      30.3     102.1     507.3
    1525.0      11.2      30.3     102.5     509.7
    1530.0      11.2      30.4     103.0     512.0
    1535.0      11.2      30.5     103.5     514.3
    1540.0      11.2      30.6     104.0     516.7
    1545.0      11.2      30.6     104.5     519.0
    1550.0      11.3      30.7     104.9     521.4
    1555.0      11.3      30.8     105.4     523.8
    1560.0      11.3      30.9     105.9     526.2
    1565.0      11.3      31.0     106.4     528.5
    1570.0      11.4      31.0     106.9     530.9
    1575.0      11.4      31.1     107.4     533.3
    1580.0      11.4      31.2     107.9     535.7
    1585.0      11.4      31.3     108.4     538.0
    1590.0      11.4      31.3     108.8     540.4
    1595.0      11.5      31.4     109.3     542.8
    1600.0      11.5      31.5     109.8     545.2
    1605.0      11.5      31.6     110.3     547.6
    1610.0      11.5      31.6     110.8     550.0
    1615.0      11.6      31.7     111.3     552.4
    1620.0      11.6      31.8     111.8     554.8
    1625.0      11.6      31.9     112.3     557.3
    1630.0      11.6      32.0     112.8     559.7
    1635.0      11.6      32.0     113.3     562.1
    1640.0      11.7      32.1     113.8     564.5
    1645.0      11.7      32.2     114.3     566.9
    1650.0      11.7      32.3     114.8     569.3
    1655.0      11.7      32.3     115.3     571.8
    1660.0      11.7      32.4     115.8     574.2
    1665.0      11.8      32.5     116.3     576.6
    1670.0      11.8      32.6     116.8     579.1
    1675.0      11.8      32.6     117.3     581.5
    1680.0      11.8      32.7     117.8     584.0
    1685.0      11.9      32.8     118.3     586.4
    1690.0      11.9      32.9     118.8     588.8
    1695.0      11.9      33.0     119.3     591.3
    1700.0      11.9      33.0     119.9     593.8
    1705.0      11.9      33.1     120.4     596.2
    1710.0      12.0      33.2     120.9     598.7
    1715.0      12.0      33.3     121.4     601.2
    1720.0      12.0      33.3     121.9     603.6
    1725.0      12.0      33.4     122.4     606.1
    1730.0      12.0      33.5     122.9     608.6
    1735.0      12.1      33.6     123.4     611.0
    1740.0      12.1      33.6     124.0     613.5
    1745.0      12.1      33.7     124.5     616.0
    1750.0      12.1      33.8     125.0     618.5
    1755.0      12.2      33.9     125.5     621.0
    1760.0      12.2      33.9     126.0     623.5
    1765.0      12.2      34.0     126.6     626.0
    1770.0      12.2      34.1     127.1     628.5
    1775.0      12.2      34.2     127.6     631.0
    1780.0      12.3      34.3     128.1     633.5
    1785.0      12.3      34.3     128.6     636.0
    1790.0      12.3      34.4     129.2     638.5
    1795.0      12.3      34.5     129.7     641.0
    1800.0      12.3      34.6     130.2     643.5
    1805.0      12.4      34.6     130.7     646.1
    1810.0      12.4      34.7     131.3     648.6
    1815.0      12.4      34.8     131.8     651.1
    1820.0      12.4      34.9     132.3     653.7
    1825.0      12.5      34.9     132.9     656.2
    1830.0      12.5      35.0     133.4     658.7
    1835.0      12.5      35.1     133.9     661.2
    1840.0      12.5      35.2     134.4     663.8
    1845.0      12.5      35.2     135.0     666.3
    1850.0      12.6      35.3     135.5     668.9
    1855.0      12.6      35.4     136.0     671.4
    1860.0      12.6      35.5     136.6     674.0
    1865.0      12.6      35.5     137.1     676.6
    1870.0      12.6      35.6     137.7     679.1
    1875.0      12.7      35.7     138.2     681.7
    1880.0      12.7      35.8     138.7     684.2
    1885.0      12.7      35.8     139.3     686.8
    1890.0      12.7      35.9     139.8     689.4
    1895.0      12.7      36.0     140.3     691.9
    1900.0      12.8      36.1     140.9     694.5
    1905.0      12.8      36.1     141.4     697.1
    1910.0      12.8      36.2     142.0     699.7
    1915.0      12.8      36.3     142.5     702.3
    1920.0      12.8      36.4     143.1     704.9
    1925.0      12.9      36.4     143.6     707.5
    1930.0      12.9      36.5     144.2     710.1
    1935.0      12.9      36.6     144.7     712.7
    1940.0      12.9      36.7     145.2     715.3
    1945.0      13.0      36.7     145.8     717.9
    1950.0      13.0      36.8     146.3     720.5
    1955.0      13.0      36.9     146.9     723.1
    1960.0      13.0      37.0     147.5     725.7
    1965.0      13.0      37.0     148.0     728.4
    1970.0      13.1      37.1     148.6     731.0
    1975.0      13.1      37.2     149.1     733.6
    1980.0      13.1      37.3     149.7     736.2
    1985.0      13.1      37.3     150.2     738.9
    1990.0      13.1      37.4     150.8     741.5
    1995.0      13.2      37.5     151.3     744.1
    2495.0      15.2      44.9     210.9    1025.3
    2995.0      17.1      52.1     278.1    1337.7
    3495.0      19.0      59.1     352.4    1681.2
    3995.0      20.8      66.0     433.7    2055.3
    4495.0      22.6      72.8     521.7    2459.9
    4995.0      24.4      79.5     616.4    2894.6
    5495.0      26.1      86.1     717.6    3359.0
    5995.0      27.8      92.7     825.2    3852.9
    6495.0      29.5      99.2     939.0    4375.8
    6995.0      31.1     105.6    1059.0    4927.5
    7495.0      32.8     112.0    1185.1    5507.8
    7995.0      34.4     118.3    1317.2    6116.3
    8495.0      36.1     124.6    1455.3    6752.8
    8995.0      37.7     130.8    1599.2    7417.1
    9495.0      39.3     137.0    1749.0    8109.0
    9995.0      40.9     143.1    1904.5    8828.2
   10495.0      42.5     149.3    2065.7    9574.5
   10995.0      44.0     155.3    2232.5   10347.9
   11495.0      45.6     161.4    2404.9   11147.9
   11995.0      47.2     167.4    2582.9   11974.1
   12495.0      48.7     173.4    2766.3   12826.2
   12995.0      50.3     179.4    2955.2   13703.9
   13495.0      51.8     185.3    3149.4   14607.0
   13995.0      53.3     191.2    3349.0   15535.3
   14495.0      54.8     197.1    3554.0   16488.8
   14995.0      56.4     203.0    3764.2   17467.1
   15495.0      57.9     208.8    3979.6   18470.1
   15995.0      59.4     214.6    4200.2   19497.8
   16495.0      60.9     220.4    4426.0   20549.9
   16995.0      62.3     226.2    4656.9   21626.5
   17495.0      63.8     232.0    4892.8   22727.2
   17995.0      65.3     237.7    5133.9   23852.2
   18495.0      66.8     243.5    5379.9   25001.1
   18995.0      68.2     249.2    5630.9   26174.0
   19495.0      69.7     254.9    5886.9   27370.7
   19995.0      71.2     260.6    6147.7   28591.1
   20495.0      72.6     266.2    6413.5   29835.2
   20995.0      74.1     271.9    6684.1   31102.9
   21495.0      75.5     277.5    6959.5   32394.0
   21995.0      76.9     283.1    7239.7   33708.6
   22495.0      78.3     288.7    7524.7   35046.5
   22995.0      79.8     294.3    7814.5   36407.6
   23495.0      81.2     299.9    8108.9   37791.9
   23995.0      82.6     305.5    8408.0   39199.3
   24495.0      84.0     311.0    8711.8   40629.7
   24995.0      85.4     316.6    9020.2   42083.1
   25495.0      86.8     322.1    9333.2   43559.4
   25995.0      88.2     327.6    9650.8   45058.5
   26495.0      89.6     333.1    9973.0   46580.4
   26995.0      91.0     338.6   10299.6   48125.0
   27495.0      92.3     344.1   10630.8   49692.3
   27995.0      93.7     349.6   10966.5   51282.2
   28495.0      95.1     355.0   11306.6   52894.5
   28995.0      96.4     360.5   11651.2   54529.4
   29495.0      97.8     365.9   12000.1   56186.7
   29995.0      99.2     371.4   12353.5   57866.4
   30495.0     100.5     376.8   12708.6   59554.9
   30995.0     101.9     382.2   13063.7   61243.5
   31495.0     103.2     387.7   13418.8   62932.1
   31995.0     104.6     393.1   13773.9   64620.7
   32495.0     105.9     398.5   14129.0   66309.2
   32995.0     107.3     404.0   14484.1   67997.8
   33495.0     108.6     409.4   14839.2   69686.4
   33995.0     110.0     414.8   15194.3   71375.0
   34495.0     111.3     420.3   15549.4   73063.6
   34995.0     112.7     425.7   15904.5   74752.1
   35495.0     114.0     431.1   16259.6   76440.7
   35995.0     115.4     436.6   16614.7   78129.3
   36495.0     116.7     442.0   16969.8   79817.9
   36995.0     118.1     447.4   17324.9   81506.4
   37495.0     119.4     452.9   17680.0   83195.0
   37995.0     120.8     458.3   18035.2   84883.6
   38495.0     122.1     463.7   18390.3   86572.2
   38995.0     123.5     469.2   18745.4   88260.7
   39495.0     124.8     474.6   19100.5   89949.3
   39995.0     126.2     480.0   19455.6   91637.9
   40495.0     127.5     485.5   19810.7   93326.5
   40995.0     128.9     490.9   20165.8   95015.1
   41495.0     130.2     496.3   20520.9   96703.6
   41995.0     131.6     501.8   20876.0   98392.2
   42495.0     132.9     507.2   21231.1  100080.8
   42995.0     134.3     512.6   21586.2  101769.4
   43495.0     135.6     518.0   21941.3  103457.9
   43995.0     137.0     523.5   22296.4  105146.5
   44495.0     138.3     528.9   22651.5  106835.1
   44995.0     139.7     534.3   23006.6  108523.7
   45495.0     141.0     539.8   23361.7  110212.2
   45995.0     142.4     545.2   23716.8  111900.8
   46495.0     143.7     550.6   24071.9  113589.4
   46995.0     145.1     556.1   24427.0  115278.0
   47495.0     146.5     561.5   24782.1  116966.6
   47995.0     147.8     566.9   25137.2  118655.1
   48495.0     149.2     572.4   25492.3  120343.7
   48995.0     150.5     577.8   25847.5  122032.3
   49495.0     151.9     583.2   26202.6  123720.9
   49995.0     153.2     588.7   26557.7  125409.4
   50495.0     154.6     594.1   26912.8  127098.0
   50995.0     155.9     599.5   27267.9  128786.6
   51495.0     157.3     605.0   27623.0  130475.2
   51995.0     158.6     610.4   27978.1  132163.8
   52495.0     160.0     615.8   28333.2  133852.3
   52995.0     161.3     621.3   28688.3  135540.9
   53495.0     162.7     626.7   29043.4  137229.5
   53995.0     164.0     632.1   29398.5  138918.1
   54495.0     165.4     637.6   29753.6  140606.6
   54995.0     166.7     643.0   30108.7  142295.2
   55495.0     168.1     648.4   30463.8  143983.8
   55995.0     169.4     653.8   30818.9  145672.4
   56495.0     170.8     659.3   31174.0  147360.9
   56995.0     172.1     664.7   31529.1  149049.5
   57495.0     173.5     670.1   31884.2  150738.1
   57995.0     174.8     675.6   32239.3  152426.7
   58495.0     176.2     681.0   32594.4  154115.3
   58995.0     177.5     686.4   32949.5  155803.8
   59495.0     178.9     691.9   33304.6  157492.4
   59995.0     180.2     697.3   33659.8  159181.0
   60495.0     181.6     702.7   34014.9  160869.6
   60995.0     182.9     708.2   34370.0  162558.1
   61495.0     184.3     713.6   34725.1  164246.7
   61995.0     185.6     719.0   35080.2  165935.3
   62495.0     187.0     724.5   35435.3  167623.9
   62995.0     188.3     729.9   35790.4  169312.4
   63495.0     189.7     735.3   36145.5  171001.0
   63995.0     191.0     740.8   36500.6  172689.6
   64495.0     192.4     746.2   36855.7  174378.2
   64995.0     193.7     751.6   37210.8  176066.8
   65495.0     195.1     757.1   37565.9  177755.3
   65995.0     196.4     762.5   37921.0  179443.9
   66495.0     197.8     767.9   38276.1  181132.5
   66995.0     199.2     773.4   38631.2  182821.1
   67495.0     200.5     778.8   38986.3  184509.6
   67995.0     201.9     784.2   39341.4  186198.2
   68495.0     203.2     789.7   39696.5  187886.8
   68995.0     204.6     795.1   40051.6  189575.4
   69495.0     205.9     800.5   40406.7  191263.9
   69995.0     207.3     805.9   40761.8  192952.5
   70495.0     208.6     811.4   41116.9  194641.1
   70995.0     210.0     816.8   41472.1  196329.7
   71495.0     211.3     822.2   41827.2  198018.3
   71995.0     212.7     827.7   42182.3  199706.8
   72495.0     214.0     833.1   42537.4  201395.4
   72995.0     215.4     838.5   42892.5  203084.0
   73495.0     216.7     844.0   43247.6  204772.6
   73995.0     218.1     849.4   43602.7  206461.1
   74495.0     219.4     854.8   43957.8  208149.7
   74995.0     220.8     860.3   44312.9  209838.3
   75495.0     222.1     865.7   44668.0  211526.9
   75995.0     223.5     871.1   45023.1  213215.4
   76495.0     224.8     876.6   45378.2  214904.0
   76995.0     226.2     882.0   45733.3  216592.6
   77495.0     227.5     887.4   46088.4  218281.2
   77995.0     228.9     892.9   46443.5  219969.8
   78495.0     230.2     898.3   46798.6  221658.3
   78995.0     231.6     903.7   47153.7  223346.9
   79495.0     232.9     909.2   47508.8  225035.5
   79995.0     234.3     914.6   47863.9  226724.1
   80495.0     235.6     920.0   48219.0  228412.6
   80995.0     237.0     925.5   48574.1  230101.2
   81495.0     238.3     930.9   48929.3  231789.8
   81995.0     239.7     936.3   49284.4  233478.4
   82495.0     241.0     941.7   49639.5  235166.9
   82995.0     242.4     947.2   49994.6  236855.5
   83495.0     243.7     952.6   50349.7  238544.1
   83995.0     245.1     958.0   50704.8  240232.7
   84495.0     246.4     963.5   51059.9  241921.3
   84995.0     247.8     968.9   51415.0  243609.8
   85495.0     249.2     974.3   51770.1  245298.4
   85995.0     250.5     979.8   52125.2  246987.0
   86495.0     251.9     985.2   52480.3  248675.6
   86995.0     253.2     990.6   52835.4  250364.1
   87495.0     254.6     996.1   53190.5  252052.7
   87995.0     255.9    1001.5   53545.6  253741.3
   88495.0     257.3    1006.9   53900.7  255429.9
   88995.0     258.6    1012.4   54255.8  257118.4
   89495.0     260.0    1017.8   54610.9  258807.0
   89995.0     261.3    1023.2   54966.0  260495.6
   90495.0     262.7    1028.7   55321.1  262184.2
   90995.0     264.0    1034.1   55676.2  263872.8
   91495.0     265.4    1039.5   56031.3  265561.3
   91995.0     266.7    1045.0   56386.4  267249.9
   92495.0     268.1    1050.4   56741.6  268938.5
   92995.0     269.4    1055.8   57096.7  270627.1
   93495.0     270.8    1061.3   57451.8  272315.6
   93995.0     272.1    1066.7   57806.9  274004.2
   94495.0     273.5    1072.1   58162.0  275692.8
   94995.0     274.8    1077.5   58517.1  277381.4
   95495.0     276.2    1083.0   58872.2  279069.9
   95995.0     277.5    1088.4   59227.3  280758.5
   96495.0     278.9    1093.8   59582.4  282447.1
   96995.0     280.2    1099.3   59937.5  284135.7
   97495.0     281.6    1104.7   60292.6  285824.3
   97995.0     282.9    1110.1   60647.7  287512.8
   98495.0     284.3    1115.6   61002.8  289201.4
   98995.0     285.6    1121.0   61357.9  290890.0
   99495.0     287.0    1126.4   61713.0  292578.6
