# Characteristic  Pathlengths (in Angstroem) for Electron Transport in W
#
# ener(eV)      EMFP      IMFP     TRMFP      LNRG   
       5.0       0.7      77.4       0.7       0.1
      10.0       1.3      65.4       1.5       0.1
      15.0       1.6      45.0       2.1       0.1
      20.0       1.6      31.9       2.4       0.1
      25.0       1.6      25.0       2.7       0.1
      30.0       1.5      20.2       2.9       0.1
      35.0       1.5      17.1       3.2       0.1
      40.0       1.4      14.2       3.5       0.1
      45.0       1.4      11.2       3.9       1.2
      50.0       1.4       8.8       4.4       2.2
      55.0       1.4       7.4       4.9       3.0
      60.0       1.5       6.7       5.5       3.9
      65.0       1.5       6.2       6.1       4.6
      70.0       1.5       5.9       6.8       5.3
      75.0       1.5       5.6       7.5       6.0
      80.0       1.5       5.3       8.2       6.6
      85.0       1.5       5.1       8.9       7.3
      90.0       1.6       5.0       9.6       7.9
      95.0       1.6       4.9      10.3       8.5
     100.0       1.6       4.8      10.9       9.0
     105.0       1.6       4.7      11.5       9.6
     110.0       1.7       4.7      12.0      10.2
     115.0       1.7       4.7      12.5      10.8
     120.0       1.7       4.7      12.9      11.3
     125.0       1.8       4.7      13.3      11.9
     130.0       1.8       4.7      13.6      12.4
     135.0       1.8       4.7      13.8      13.0
     140.0       1.8       4.8      14.0      13.5
     145.0       1.9       4.8      14.1      14.1
     150.0       1.9       4.8      14.2      14.6
     155.0       1.9       4.9      14.3      15.2
     160.0       2.0       4.9      14.3      15.7
     165.0       2.0       5.0      14.3      16.3
     170.0       2.0       5.0      14.3      16.8
     175.0       2.1       5.1      14.3      17.4
     180.0       2.1       5.1      14.3      17.9
     185.0       2.1       5.2      14.2      18.5
     190.0       2.2       5.2      14.2      19.0
     195.0       2.2       5.3      14.1      19.6
     200.0       2.3       5.3      14.0      20.1
     205.0       2.3       5.4      14.0      20.7
     210.0       2.3       5.4      13.9      21.2
     215.0       2.4       5.5      13.8      21.8
     220.0       2.4       5.5      13.8      22.3
     225.0       2.4       5.6      13.7      22.9
     230.0       2.5       5.7      13.6      23.5
     235.0       2.5       5.7      13.6      24.0
     240.0       2.5       5.8      13.5      24.6
     245.0       2.6       5.8      13.5      25.1
     250.0       2.6       5.9      13.4      25.7
     255.0       2.6       5.9      13.4      26.3
     260.0       2.7       6.0      13.4      26.8
     265.0       2.7       6.0      13.3      27.4
     270.0       2.7       6.1      13.3      28.0
     275.0       2.8       6.2      13.3      28.6
     280.0       2.8       6.2      13.2      29.1
     285.0       2.8       6.3      13.2      29.7
     290.0       2.9       6.3      13.2      30.3
     295.0       2.9       6.4      13.2      30.9
     300.0       2.9       6.4      13.2      31.5
     305.0       2.9       6.5      13.2      32.0
     310.0       3.0       6.6      13.2      32.6
     315.0       3.0       6.6      13.2      33.2
     320.0       3.0       6.7      13.2      33.8
     325.0       3.1       6.7      13.2      34.4
     330.0       3.1       6.8      13.2      35.0
     335.0       3.1       6.8      13.2      35.6
     340.0       3.1       6.9      13.2      36.2
     345.0       3.2       7.0      13.2      36.8
     350.0       3.2       7.0      13.2      37.4
     355.0       3.2       7.1      13.3      38.0
     360.0       3.3       7.1      13.3      38.6
     365.0       3.3       7.2      13.3      39.2
     370.0       3.3       7.2      13.3      39.8
     375.0       3.3       7.3      13.4      40.4
     380.0       3.4       7.3      13.4      41.0
     385.0       3.4       7.4      13.4      41.6
     390.0       3.4       7.5      13.4      42.2
     395.0       3.4       7.5      13.5      42.8
     400.0       3.5       7.6      13.5      43.4
     405.0       3.5       7.6      13.6      44.1
     410.0       3.5       7.7      13.6      44.7
     415.0       3.5       7.7      13.6      45.3
     420.0       3.5       7.8      13.7      45.9
     425.0       3.6       7.8      13.7      46.5
     430.0       3.6       7.9      13.8      47.1
     435.0       3.6       8.0      13.8      47.8
     440.0       3.6       8.0      13.8      48.4
     445.0       3.7       8.1      13.9      49.0
     450.0       3.7       8.1      13.9      49.7
     455.0       3.7       8.2      14.0      50.3
     460.0       3.7       8.2      14.0      50.9
     465.0       3.7       8.3      14.1      51.5
     470.0       3.8       8.3      14.1      52.2
     475.0       3.8       8.4      14.2      52.8
     480.0       3.8       8.4      14.3      53.5
     485.0       3.8       8.5      14.3      54.1
     490.0       3.8       8.5      14.4      54.7
     495.0       3.9       8.6      14.4      55.4
     500.0       3.9       8.7      14.5      56.0
     505.0       3.9       8.7      14.5      56.7
     510.0       3.9       8.8      14.6      57.3
     515.0       3.9       8.8      14.7      57.9
     520.0       4.0       8.9      14.7      58.6
     525.0       4.0       8.9      14.8      59.2
     530.0       4.0       9.0      14.9      59.9
     535.0       4.0       9.0      14.9      60.5
     540.0       4.0       9.1      15.0      61.2
     545.0       4.0       9.1      15.0      61.9
     550.0       4.1       9.2      15.1      62.5
     555.0       4.1       9.2      15.2      63.2
     560.0       4.1       9.3      15.2      63.8
     565.0       4.1       9.3      15.3      64.5
     570.0       4.1       9.4      15.4      65.2
     575.0       4.1       9.4      15.5      65.8
     580.0       4.2       9.5      15.5      66.5
     585.0       4.2       9.5      15.6      67.1
     590.0       4.2       9.6      15.7      67.8
     595.0       4.2       9.6      15.7      68.5
     600.0       4.2       9.7      15.8      69.2
     605.0       4.2       9.8      15.9      69.8
     610.0       4.3       9.8      16.0      70.5
     615.0       4.3       9.9      16.0      71.2
     620.0       4.3       9.9      16.1      71.8
     625.0       4.3      10.0      16.2      72.5
     630.0       4.3      10.0      16.2      73.2
     635.0       4.3      10.1      16.3      73.9
     640.0       4.4      10.1      16.4      74.6
     645.0       4.4      10.2      16.5      75.2
     650.0       4.4      10.2      16.6      75.9
     655.0       4.4      10.3      16.6      76.6
     660.0       4.4      10.3      16.7      77.3
     665.0       4.4      10.4      16.8      78.0
     670.0       4.4      10.4      16.9      78.7
     675.0       4.5      10.5      16.9      79.4
     680.0       4.5      10.5      17.0      80.1
     685.0       4.5      10.6      17.1      80.8
     690.0       4.5      10.6      17.2      81.4
     695.0       4.5      10.7      17.3      82.1
     700.0       4.5      10.7      17.3      82.8
     705.0       4.5      10.8      17.4      83.5
     710.0       4.6      10.8      17.5      84.2
     715.0       4.6      10.9      17.6      84.9
     720.0       4.6      10.9      17.7      85.6
     725.0       4.6      11.0      17.8      86.4
     730.0       4.6      11.0      17.8      87.1
     735.0       4.6      11.1      17.9      87.8
     740.0       4.6      11.1      18.0      88.5
     745.0       4.6      11.2      18.1      89.2
     750.0       4.7      11.2      18.2      89.9
     755.0       4.7      11.3      18.3      90.6
     760.0       4.7      11.3      18.3      91.3
     765.0       4.7      11.4      18.4      92.0
     770.0       4.7      11.4      18.5      92.8
     775.0       4.7      11.5      18.6      93.5
     780.0       4.7      11.5      18.7      94.2
     785.0       4.8      11.6      18.8      94.9
     790.0       4.8      11.6      18.9      95.6
     795.0       4.8      11.7      19.0      96.4
     800.0       4.8      11.7      19.0      97.1
     805.0       4.8      11.8      19.1      97.8
     810.0       4.8      11.8      19.2      98.5
     815.0       4.8      11.9      19.3      99.3
     820.0       4.8      11.9      19.4     100.0
     825.0       4.9      12.0      19.5     100.7
     830.0       4.9      12.0      19.6     101.5
     835.0       4.9      12.1      19.7     102.2
     840.0       4.9      12.1      19.8     102.9
     845.0       4.9      12.2      19.8     103.7
     850.0       4.9      12.2      19.9     104.4
     855.0       4.9      12.3      20.0     105.1
     860.0       4.9      12.3      20.1     105.9
     865.0       5.0      12.4      20.2     106.6
     870.0       5.0      12.4      20.3     107.4
     875.0       5.0      12.5      20.4     108.1
     880.0       5.0      12.5      20.5     108.9
     885.0       5.0      12.6      20.6     109.6
     890.0       5.0      12.6      20.7     110.3
     895.0       5.0      12.7      20.8     111.1
     900.0       5.0      12.7      20.9     111.8
     905.0       5.1      12.8      20.9     112.6
     910.0       5.1      12.8      21.0     113.4
     915.0       5.1      12.9      21.1     114.1
     920.0       5.1      12.9      21.2     114.9
     925.0       5.1      13.0      21.3     115.6
     930.0       5.1      13.0      21.4     116.4
     935.0       5.1      13.1      21.5     117.1
     940.0       5.1      13.1      21.6     117.9
     945.0       5.2      13.2      21.7     118.7
     950.0       5.2      13.2      21.8     119.4
     955.0       5.2      13.2      21.9     120.2
     960.0       5.2      13.3      22.0     121.0
     965.0       5.2      13.3      22.1     121.7
     970.0       5.2      13.4      22.2     122.5
     975.0       5.2      13.4      22.3     123.3
     980.0       5.2      13.5      22.4     124.0
     985.0       5.2      13.5      22.5     124.8
     990.0       5.3      13.6      22.6     125.6
     995.0       5.3      13.6      22.7     126.4
    1000.0       5.3      13.7      22.8     127.1
    1005.0       5.3      13.7      22.9     127.9
    1010.0       5.3      13.8      23.0     128.7
    1015.0       5.3      13.8      23.1     129.5
    1020.0       5.3      13.9      23.2     130.3
    1025.0       5.3      13.9      23.3     131.1
    1030.0       5.3      14.0      23.4     131.9
    1035.0       5.4      14.0      23.5     132.6
    1040.0       5.4      14.1      23.6     133.4
    1045.0       5.4      14.1      23.7     134.2
    1050.0       5.4      14.2      23.8     135.0
    1055.0       5.4      14.2      23.9     135.8
    1060.0       5.4      14.3      24.0     136.6
    1065.0       5.4      14.3      24.1     137.4
    1070.0       5.4      14.4      24.2     138.2
    1075.0       5.4      14.4      24.3     139.0
    1080.0       5.5      14.4      24.4     139.8
    1085.0       5.5      14.5      24.5     140.6
    1090.0       5.5      14.5      24.6     141.4
    1095.0       5.5      14.6      24.7     142.2
    1100.0       5.5      14.6      24.8     143.0
    1105.0       5.5      14.7      24.9     143.8
    1110.0       5.5      14.7      25.0     144.6
    1115.0       5.5      14.8      25.1     145.5
    1120.0       5.5      14.8      25.2     146.3
    1125.0       5.6      14.9      25.3     147.1
    1130.0       5.6      14.9      25.4     147.9
    1135.0       5.6      15.0      25.5     148.7
    1140.0       5.6      15.0      25.6     149.5
    1145.0       5.6      15.1      25.7     150.3
    1150.0       5.6      15.1      25.8     151.2
    1155.0       5.6      15.2      25.9     152.0
    1160.0       5.6      15.2      26.0     152.8
    1165.0       5.6      15.3      26.1     153.6
    1170.0       5.7      15.3      26.2     154.5
    1175.0       5.7      15.3      26.3     155.3
    1180.0       5.7      15.4      26.4     156.1
    1185.0       5.7      15.4      26.5     156.9
    1190.0       5.7      15.5      26.6     157.8
    1195.0       5.7      15.5      26.7     158.6
    1200.0       5.7      15.6      26.9     159.4
    1205.0       5.7      15.6      27.0     160.3
    1210.0       5.7      15.7      27.1     161.1
    1215.0       5.7      15.7      27.2     161.9
    1220.0       5.8      15.8      27.3     162.8
    1225.0       5.8      15.8      27.4     163.6
    1230.0       5.8      15.9      27.5     164.4
    1235.0       5.8      15.9      27.6     165.3
    1240.0       5.8      16.0      27.7     166.1
    1245.0       5.8      16.0      27.8     166.9
    1250.0       5.8      16.1      27.9     167.8
    1255.0       5.8      16.1      28.0     168.6
    1260.0       5.8      16.1      28.1     169.5
    1265.0       5.9      16.2      28.2     170.3
    1270.0       5.9      16.2      28.4     171.2
    1275.0       5.9      16.3      28.5     172.0
    1280.0       5.9      16.3      28.6     172.9
    1285.0       5.9      16.4      28.7     173.7
    1290.0       5.9      16.4      28.8     174.6
    1295.0       5.9      16.5      28.9     175.4
    1300.0       5.9      16.5      29.0     176.3
    1305.0       5.9      16.6      29.1     177.2
    1310.0       5.9      16.6      29.2     178.0
    1315.0       6.0      16.7      29.3     178.9
    1320.0       6.0      16.7      29.4     179.8
    1325.0       6.0      16.7      29.6     180.6
    1330.0       6.0      16.8      29.7     181.5
    1335.0       6.0      16.8      29.8     182.4
    1340.0       6.0      16.9      29.9     183.2
    1345.0       6.0      16.9      30.0     184.1
    1350.0       6.0      17.0      30.1     185.0
    1355.0       6.0      17.0      30.2     185.8
    1360.0       6.0      17.1      30.3     186.7
    1365.0       6.1      17.1      30.4     187.6
    1370.0       6.1      17.2      30.6     188.5
    1375.0       6.1      17.2      30.7     189.3
    1380.0       6.1      17.3      30.8     190.2
    1385.0       6.1      17.3      30.9     191.1
    1390.0       6.1      17.3      31.0     192.0
    1395.0       6.1      17.4      31.1     192.8
    1400.0       6.1      17.4      31.2     193.7
    1405.0       6.1      17.5      31.3     194.6
    1410.0       6.1      17.5      31.5     195.5
    1415.0       6.2      17.6      31.6     196.4
    1420.0       6.2      17.6      31.7     197.3
    1425.0       6.2      17.7      31.8     198.2
    1430.0       6.2      17.7      31.9     199.0
    1435.0       6.2      17.8      32.0     199.9
    1440.0       6.2      17.8      32.1     200.8
    1445.0       6.2      17.9      32.2     201.7
    1450.0       6.2      17.9      32.4     202.6
    1455.0       6.2      17.9      32.5     203.5
    1460.0       6.2      18.0      32.6     204.4
    1465.0       6.3      18.0      32.7     205.3
    1470.0       6.3      18.1      32.8     206.2
    1475.0       6.3      18.1      32.9     207.1
    1480.0       6.3      18.2      33.1     208.0
    1485.0       6.3      18.2      33.2     208.9
    1490.0       6.3      18.3      33.3     209.8
    1495.0       6.3      18.3      33.4     210.7
    1500.0       6.3      18.4      33.5     211.6
    1505.0       6.3      18.4      33.6     212.5
    1510.0       6.3      18.4      33.7     213.5
    1515.0       6.4      18.5      33.9     214.4
    1520.0       6.4      18.5      34.0     215.3
    1525.0       6.4      18.6      34.1     216.2
    1530.0       6.4      18.6      34.2     217.1
    1535.0       6.4      18.7      34.3     218.0
    1540.0       6.4      18.7      34.4     218.9
    1545.0       6.4      18.8      34.6     219.9
    1550.0       6.4      18.8      34.7     220.8
    1555.0       6.4      18.9      34.8     221.7
    1560.0       6.4      18.9      34.9     222.6
    1565.0       6.5      18.9      35.0     223.6
    1570.0       6.5      19.0      35.1     224.5
    1575.0       6.5      19.0      35.3     225.4
    1580.0       6.5      19.1      35.4     226.3
    1585.0       6.5      19.1      35.5     227.3
    1590.0       6.5      19.2      35.6     228.2
    1595.0       6.5      19.2      35.7     229.1
    1600.0       6.5      19.3      35.9     230.1
    1605.0       6.5      19.3      36.0     231.0
    1610.0       6.5      19.3      36.1     231.9
    1615.0       6.5      19.4      36.2     232.9
    1620.0       6.6      19.4      36.3     233.8
    1625.0       6.6      19.5      36.5     234.7
    1630.0       6.6      19.5      36.6     235.7
    1635.0       6.6      19.6      36.7     236.6
    1640.0       6.6      19.6      36.8     237.6
    1645.0       6.6      19.7      36.9     238.5
    1650.0       6.6      19.7      37.1     239.5
    1655.0       6.6      19.8      37.2     240.4
    1660.0       6.6      19.8      37.3     241.4
    1665.0       6.6      19.8      37.4     242.3
    1670.0       6.6      19.9      37.5     243.3
    1675.0       6.7      19.9      37.7     244.2
    1680.0       6.7      20.0      37.8     245.2
    1685.0       6.7      20.0      37.9     246.1
    1690.0       6.7      20.1      38.0     247.1
    1695.0       6.7      20.1      38.1     248.0
    1700.0       6.7      20.2      38.3     249.0
    1705.0       6.7      20.2      38.4     249.9
    1710.0       6.7      20.2      38.5     250.9
    1715.0       6.7      20.3      38.6     251.9
    1720.0       6.7      20.3      38.8     252.8
    1725.0       6.8      20.4      38.9     253.8
    1730.0       6.8      20.4      39.0     254.8
    1735.0       6.8      20.5      39.1     255.7
    1740.0       6.8      20.5      39.2     256.7
    1745.0       6.8      20.6      39.4     257.7
    1750.0       6.8      20.6      39.5     258.6
    1755.0       6.8      20.6      39.6     259.6
    1760.0       6.8      20.7      39.7     260.6
    1765.0       6.8      20.7      39.9     261.6
    1770.0       6.8      20.8      40.0     262.5
    1775.0       6.8      20.8      40.1     263.5
    1780.0       6.9      20.9      40.2     264.5
    1785.0       6.9      20.9      40.4     265.5
    1790.0       6.9      21.0      40.5     266.5
    1795.0       6.9      21.0      40.6     267.4
    1800.0       6.9      21.0      40.7     268.4
    1805.0       6.9      21.1      40.8     269.4
    1810.0       6.9      21.1      41.0     270.4
    1815.0       6.9      21.2      41.1     271.4
    1820.0       6.9      21.2      41.2     272.4
    1825.0       6.9      21.3      41.3     273.4
    1830.0       6.9      21.3      41.5     274.4
    1835.0       7.0      21.4      41.6     275.3
    1840.0       7.0      21.4      41.7     276.3
    1845.0       7.0      21.4      41.8     277.3
    1850.0       7.0      21.5      42.0     278.3
    1855.0       7.0      21.5      42.1     279.3
    1860.0       7.0      21.6      42.2     280.3
    1865.0       7.0      21.6      42.4     281.3
    1870.0       7.0      21.7      42.5     282.3
    1875.0       7.0      21.7      42.6     283.3
    1880.0       7.0      21.8      42.7     284.3
    1885.0       7.0      21.8      42.9     285.3
    1890.0       7.0      21.8      43.0     286.3
    1895.0       7.1      21.9      43.1     287.3
    1900.0       7.1      21.9      43.2     288.4
    1905.0       7.1      22.0      43.4     289.4
    1910.0       7.1      22.0      43.5     290.4
    1915.0       7.1      22.1      43.6     291.4
    1920.0       7.1      22.1      43.7     292.4
    1925.0       7.1      22.2      43.9     293.4
    1930.0       7.1      22.2      44.0     294.4
    1935.0       7.1      22.2      44.1     295.5
    1940.0       7.1      22.3      44.3     296.5
    1945.0       7.1      22.3      44.4     297.5
    1950.0       7.2      22.4      44.5     298.5
    1955.0       7.2      22.4      44.6     299.5
    1960.0       7.2      22.5      44.8     300.6
    1965.0       7.2      22.5      44.9     301.6
    1970.0       7.2      22.5      45.0     302.6
    1975.0       7.2      22.6      45.2     303.6
    1980.0       7.2      22.6      45.3     304.7
    1985.0       7.2      22.7      45.4     305.7
    1990.0       7.2      22.7      45.5     306.7
    1995.0       7.2      22.8      45.7     307.8
    2495.0       8.1      27.1      59.3     418.0
    2995.0       8.8      31.3      74.0     540.7
    3495.0       9.5      35.4      89.9     675.7
    3995.0      10.2      39.4     106.8     822.4
    4495.0      10.8      43.4     124.6     979.8
    4995.0      11.5      47.2     143.4    1147.0
    5495.0      12.1      51.1     163.1    1324.0
    5995.0      12.6      54.9     183.6    1510.2
    6495.0      13.2      58.6     205.0    1705.8
    6995.0      13.7      62.3     227.2    1910.4
    7495.0      14.3      66.0     250.1    2124.0
    7995.0      14.8      69.6     273.9    2346.5
    8495.0      15.3      73.3     298.4    2577.9
    8995.0      15.8      76.9     323.6    2818.1
    9495.0      16.3      80.4     349.5    3067.0
    9995.0      16.8      84.0     376.1    3324.6
   10495.0      17.2      87.5     403.4    3590.8
   10995.0      17.7      91.0     431.4    3865.5
   11495.0      18.2      94.5     460.0    4148.8
   11995.0      18.6      97.9     489.3    4440.5
   12495.0      19.0     101.4     519.3    4740.6
   12995.0      19.5     104.8     549.8    5049.1
   13495.0      19.9     108.2     581.0    5365.9
   13995.0      20.3     111.6     612.8    5690.9
   14495.0      20.8     115.0     645.2    6024.3
   14995.0      21.2     118.4     678.2    6365.8
   15495.0      21.6     121.7     711.8    6715.5
   15995.0      22.0     125.1     745.9    7073.3
   16495.0      22.4     128.4     780.6    7439.2
   16995.0      22.8     131.7     815.9    7813.1
   17495.0      23.2     135.1     851.8    8195.1
   17995.0      23.6     138.4     888.2    8585.1
   18495.0      24.0     141.6     925.1    8983.0
   18995.0      24.3     144.9     962.6    9388.9
   19495.0      24.7     148.2    1000.6    9802.6
   19995.0      25.1     151.4    1039.1   10224.3
   20495.0      25.5     154.7    1078.2   10653.7
   20995.0      25.8     157.9    1117.8   11091.0
   21495.0      26.2     161.2    1157.9   11536.0
   21995.0      26.6     164.4    1198.5   11988.7
   22495.0      26.9     167.6    1239.6   12449.0
   22995.0      27.3     170.8    1281.2   12917.0
   23495.0      27.6     174.0    1323.3   13392.6
   23995.0      28.0     177.2    1365.8   13875.7
   24495.0      28.3     180.4    1408.9   14366.4
   24995.0      28.7     183.5    1452.4   14864.5
   25495.0      29.0     186.7    1496.5   15370.0
   25995.0      29.4     189.9    1540.9   15883.0
   26495.0      29.7     193.0    1585.9   16403.3
   26995.0      30.1     196.2    1631.3   16931.0
   27495.0      30.4     199.3    1677.2   17466.1
   27995.0      30.7     202.5    1723.6   18008.4
   28495.0      31.1     205.6    1770.4   18558.0
   28995.0      31.4     208.7    1817.6   19114.9
   29495.0      31.7     211.8    1865.3   19679.0
   29995.0      32.0     214.9    1913.4   20250.4
   30495.0      32.4     218.0    1961.7   20824.6
   30995.0      32.7     221.1    2010.1   21398.8
   31495.0      33.0     224.2    2058.4   21973.0
   31995.0      33.3     227.4    2106.7   22547.1
   32495.0      33.7     230.5    2155.0   23121.3
   32995.0      34.0     233.6    2203.3   23695.5
   33495.0      34.3     236.7    2251.6   24269.7
   33995.0      34.6     239.8    2300.0   24843.9
   34495.0      34.9     242.9    2348.3   25418.1
   34995.0      35.3     246.0    2396.6   25992.3
   35495.0      35.6     249.1    2444.9   26566.5
   35995.0      35.9     252.2    2493.2   27140.7
   36495.0      36.2     255.3    2541.5   27714.9
   36995.0      36.6     258.4    2589.9   28289.1
   37495.0      36.9     261.5    2638.2   28863.3
   37995.0      37.2     264.6    2686.5   29437.5
   38495.0      37.5     267.7    2734.8   30011.7
   38995.0      37.9     270.9    2783.1   30585.9
   39495.0      38.2     274.0    2831.4   31160.1
   39995.0      38.5     277.1    2879.8   31734.3
   40495.0      38.8     280.2    2928.1   32308.5
   40995.0      39.2     283.3    2976.4   32882.7
   41495.0      39.5     286.4    3024.7   33456.9
   41995.0      39.8     289.5    3073.0   34031.1
   42495.0      40.1     292.6    3121.3   34605.3
   42995.0      40.5     295.7    3169.6   35179.5
   43495.0      40.8     298.8    3218.0   35753.7
   43995.0      41.1     301.9    3266.3   36327.9
   44495.0      41.4     305.0    3314.6   36902.1
   44995.0      41.8     308.1    3362.9   37476.3
   45495.0      42.1     311.2    3411.2   38050.4
   45995.0      42.4     314.4    3459.5   38624.6
   46495.0      42.7     317.5    3507.9   39198.8
   46995.0      43.1     320.6    3556.2   39773.0
   47495.0      43.4     323.7    3604.5   40347.2
   47995.0      43.7     326.8    3652.8   40921.4
   48495.0      44.0     329.9    3701.1   41495.6
   48995.0      44.3     333.0    3749.4   42069.8
   49495.0      44.7     336.1    3797.8   42644.0
   49995.0      45.0     339.2    3846.1   43218.2
   50495.0      45.3     342.3    3894.4   43792.4
   50995.0      45.6     345.4    3942.7   44366.6
   51495.0      46.0     348.5    3991.0   44940.8
   51995.0      46.3     351.6    4039.3   45515.0
   52495.0      46.6     354.7    4087.7   46089.2
   52995.0      46.9     357.9    4136.0   46663.4
   53495.0      47.3     361.0    4184.3   47237.6
   53995.0      47.6     364.1    4232.6   47811.8
   54495.0      47.9     367.2    4280.9   48386.0
   54995.0      48.2     370.3    4329.2   48960.2
   55495.0      48.6     373.4    4377.6   49534.4
   55995.0      48.9     376.5    4425.9   50108.6
   56495.0      49.2     379.6    4474.2   50682.8
   56995.0      49.5     382.7    4522.5   51257.0
   57495.0      49.9     385.8    4570.8   51831.2
   57995.0      50.2     388.9    4619.1   52405.4
   58495.0      50.5     392.0    4667.4   52979.6
   58995.0      50.8     395.1    4715.8   53553.7
   59495.0      51.2     398.2    4764.1   54127.9
   59995.0      51.5     401.3    4812.4   54702.1
   60495.0      51.8     404.5    4860.7   55276.3
   60995.0      52.1     407.6    4909.0   55850.5
   61495.0      52.5     410.7    4957.3   56424.7
   61995.0      52.8     413.8    5005.7   56998.9
   62495.0      53.1     416.9    5054.0   57573.1
   62995.0      53.4     420.0    5102.3   58147.3
   63495.0      53.7     423.1    5150.6   58721.5
   63995.0      54.1     426.2    5198.9   59295.7
   64495.0      54.4     429.3    5247.2   59869.9
   64995.0      54.7     432.4    5295.6   60444.1
   65495.0      55.0     435.5    5343.9   61018.3
   65995.0      55.4     438.6    5392.2   61592.5
   66495.0      55.7     441.7    5440.5   62166.7
   66995.0      56.0     444.8    5488.8   62740.9
   67495.0      56.3     448.0    5537.1   63315.1
   67995.0      56.7     451.1    5585.5   63889.3
   68495.0      57.0     454.2    5633.8   64463.5
   68995.0      57.3     457.3    5682.1   65037.7
   69495.0      57.6     460.4    5730.4   65611.9
   69995.0      58.0     463.5    5778.7   66186.1
   70495.0      58.3     466.6    5827.0   66760.3
   70995.0      58.6     469.7    5875.3   67334.5
   71495.0      58.9     472.8    5923.7   67908.7
   71995.0      59.3     475.9    5972.0   68482.9
   72495.0      59.6     479.0    6020.3   69057.0
   72995.0      59.9     482.1    6068.6   69631.2
   73495.0      60.2     485.2    6116.9   70205.4
   73995.0      60.6     488.3    6165.2   70779.6
   74495.0      60.9     491.5    6213.6   71353.8
   74995.0      61.2     494.6    6261.9   71928.0
   75495.0      61.5     497.7    6310.2   72502.2
   75995.0      61.9     500.8    6358.5   73076.4
   76495.0      62.2     503.9    6406.8   73650.6
   76995.0      62.5     507.0    6455.1   74224.8
   77495.0      62.8     510.1    6503.5   74799.0
   77995.0      63.1     513.2    6551.8   75373.2
   78495.0      63.5     516.3    6600.1   75947.4
   78995.0      63.8     519.4    6648.4   76521.6
   79495.0      64.1     522.5    6696.7   77095.8
   79995.0      64.4     525.6    6745.0   77670.0
   80495.0      64.8     528.7    6793.4   78244.2
   80995.0      65.1     531.8    6841.7   78818.4
   81495.0      65.4     535.0    6890.0   79392.6
   81995.0      65.7     538.1    6938.3   79966.8
   82495.0      66.1     541.2    6986.6   80541.0
   82995.0      66.4     544.3    7034.9   81115.2
   83495.0      66.7     547.4    7083.2   81689.4
   83995.0      67.0     550.5    7131.6   82263.6
   84495.0      67.4     553.6    7179.9   82837.8
   84995.0      67.7     556.7    7228.2   83412.0
   85495.0      68.0     559.8    7276.5   83986.2
   85995.0      68.3     562.9    7324.8   84560.3
   86495.0      68.7     566.0    7373.1   85134.5
   86995.0      69.0     569.1    7421.5   85708.7
   87495.0      69.3     572.2    7469.8   86282.9
   87995.0      69.6     575.3    7518.1   86857.1
   88495.0      70.0     578.4    7566.4   87431.3
   88995.0      70.3     581.6    7614.7   88005.5
   89495.0      70.6     584.7    7663.0   88579.7
   89995.0      70.9     587.8    7711.4   89153.9
   90495.0      71.2     590.9    7759.7   89728.1
   90995.0      71.6     594.0    7808.0   90302.3
   91495.0      71.9     597.1    7856.3   90876.5
   91995.0      72.2     600.2    7904.6   91450.7
   92495.0      72.5     603.3    7952.9   92024.9
   92995.0      72.9     606.4    8001.3   92599.1
   93495.0      73.2     609.5    8049.6   93173.3
   93995.0      73.5     612.6    8097.9   93747.5
   94495.0      73.8     615.7    8146.2   94321.7
   94995.0      74.2     618.8    8194.5   94895.9
   95495.0      74.5     621.9    8242.8   95470.1
   95995.0      74.8     625.1    8291.2   96044.3
   96495.0      75.1     628.2    8339.5   96618.5
   96995.0      75.5     631.3    8387.8   97192.7
   97495.0      75.8     634.4    8436.1   97766.9
   97995.0      76.1     637.5    8484.4   98341.1
   98495.0      76.4     640.6    8532.7   98915.3
   98995.0      76.8     643.7    8581.0   99489.5
   99495.0      77.1     646.8    8629.4  100063.6
